0
1
2
3
4
5
6
8
9
10
12
16
17
18
32
64
128
20
24
33
34
36
40
65
66
48
68
72
7
11
13
19
14
129
21
130
80
22
25
132
35
26
37
38
28
41
136
42
96
67
44
49
69
50
70
144
73
52
74
15
76
131
81
23
56
133
82
27
160
134
39
29
84
137
43
30
97
138
45
98
51
71
88
46
145
140
192
53
75
100
146
54
77
57
83
148
161
78
104
135
58
85
162
31
139
152
86
60
99
112
89
164
47
141
193
101
147
90
142
194
55
168
102
149
92
79
105
196
59
150
176
163
106
153
87
200
61
113
165
108
154
62
114
208
91
166
143
156
195
169
103
116
224
93
170
197
120
151
177
94
107
172
198
178
201
109
155
180
202
63
115
110
209
167
184
204
157
210
117
158
225
212
118
171
226
216
121
95
228
173
122
199
232
174
124
179
240
181
203
182
111
185
205
186
206
211
188
159
213
119
214
227
217
218
229
220
123
230
233
175
125
234
126
241
236
242
244
248
183
187
207
189
190
215
219
221
222
231
235
127
237
238
243
245
246
249
250
252
191
223
239
247
251
253
254
255
