0
1
2
3
4
5
6
7
8
9
10
11
12
13
14
16
17
18
19
20
21
22
24
25
26
32
33
34
35
36
37
40
48
64
65
66
68
72
80
96
128
129
130
132
136
144
256
28
38
257
41
258
42
260
160
44
49
67
50
69
264
70
52
73
74
76
56
81
82
272
84
131
133
192
134
97
137
88
98
138
100
140
145
288
146
15
23
104
148
27
39
29
259
43
30
261
161
45
152
262
162
51
46
265
71
53
112
266
164
75
54
320
77
57
268
83
78
273
58
85
168
274
193
86
60
135
194
89
276
99
139
90
101
141
196
289
147
102
142
176
92
290
280
105
149
384
106
150
31
200
292
153
263
163
47
108
113
154
267
165
55
321
114
269
166
296
79
59
322
156
208
169
275
270
87
61
116
195
170
277
324
91
62
197
278
304
103
143
177
93
172
291
281
120
198
385
224
107
151
178
328
94
201
293
282
386
109
155
202
294
180
115
284
167
297
388
110
323
157
336
209
271
204
117
298
171
184
158
325
210
63
392
279
118
305
173
300
352
326
121
199
225
212
179
329
306
95
283
174
387
400
122
226
203
295
330
181
216
308
285
389
111
124
337
228
416
205
182
332
299
286
312
390
185
159
211
338
206
393
232
119
448
301
186
353
327
340
213
394
307
240
302
175
354
188
401
123
214
344
227
396
331
217
309
356
402
125
229
218
310
417
183
333
360
404
287
126
313
391
230
220
339
418
334
368
408
207
233
314
449
420
187
234
341
316
395
450
424
241
236
342
303
355
189
452
432
215
345
242
397
190
456
346
244
357
398
403
464
348
248
358
219
311
480
361
405
127
362
406
231
221
419
335
369
409
364
222
315
370
410
421
372
412
235
422
317
376
451
425
318
237
343
426
453
238
433
428
243
454
434
191
457
436
347
245
399
458
440
246
465
460
349
249
359
466
350
250
481
468
252
482
472
484
363
407
488
496
365
223
366
371
411
373
413
423
374
414
377
319
378
380
427
239
429
430
455
435
437
438
459
441
247
442
461
444
462
467
351
251
469
470
253
483
473
254
474
485
476
486
489
490
497
492
498
500
367
504
375
415
379
381
382
431
439
443
445
463
446
471
255
475
477
478
487
491
493
494
499
501
502
505
506
508
383
447
479
495
503
507
509
510
511
