360324 340632
94298 -304849
-587560 -266379
-83309 433011
139808 -51698
292462 150676
70072 -232018
4628 72807
-308581 -415107
223453 -36275
120350 31049
693538 32031
-485649 -551342
-13898 47339
-96727 -33763
-175459 75209
-637698 76812
-444528 7096
-242422 -484926
-660503 120165
77813 -221257
259367 584321
25542 -179340
76461 -20508
-281430 -92743
-87010 461587
-371838 -689403
-322505 -206204
383255 -16800
-16581 321036
-107489 -83271
239427 -481748
-140118 113885
163616 215335
278947 -451043
132337 -45733
54425 -49441
126044 563560
156222 203902
9456 148167
-189788 302550
-45907 -191225
500775 289741
-601308 905306
30645 49116
-261216 -120346
-294776 -253538
29426 171040
564527 902
10493 104962
278720 -32306
-227687 -702752
108529 311
-23438 -12072
-71784 126716
-94441 305790
43274 -73040
-339637 247017
-171218 106087
-179648 -440290
-276812 7524
320419 580029
50297 -317640
-426203 322809
-637558 -268346
-27575 -77804
133697 224987
-410267 -137377
-63602 228738
-95758 420450
-155476 -289835
-269444 187709
-61074 216038
401415 -50180
-54721 349160
-176373 109468
105286 -320223
30520 -52160
33025 16030
-37565 -693260
-28331 -8127
-393255 -258147
-116874 -287340
243943 344563
588644 -58034
-239624 347228
83817 -321232
27907 277602
-484692 302616
-255249 83790
-516525 -272440
-565531 83700
-120038 198007
-171332 271452
-100662 -16590
-407881 -333070
-386678 -172027
464495 -165439
270857 330526
367784 -104792
-133300 -74560
124910 353165
571097 -509271
-76297 59846
-22559 -66754
629352 -267614
-175752 -111502
416289 309210
-496469 245932
-27379 644710
301640 11446
-157596 286300
253594 -52611
-121252 450374
-797 394353
-321479 -27567
112447 -112410
-210838 546526
-198532 -790151
271791 -110024
257217 -102891
-544809 186335
196181 117486
-328154 301164
583915 -124153
573941 -311227
110610 188107
-227604 458104
-617800 -166737
-150447 -489186
77159 296481
-183499 -272802
-283001 118410
33592 -589438
167817 207645
192924 -560605
-87623 -369190
-65889 316107
-38992 210366
-246016 7710
-108371 -27890
-350585 24209
-522798 -496758
12988 -448543
87543 -529814
-140123 26346
-549458 203404
129747 -460699
-44889 126974
601320 -227259
184397 150554
-54102 169827
355626 21634
-13903 853692
-72493 166478
-341333 -404863
-204572 172135
146639 -318587
-103570 567873
83687 360700
269017 451219
673162 -12915
72131 -454172
-136614 48730
-140083 55284
-252109 -95845
-278233 -6946
-143412 4856
-195615 574093
13721 -570128
412001 393218
-591222 456600
629476 -97342
338605 -372129
208643 -335770
-245177 -579175
319903 -544113
-66478 183676
-294752 71641
-278132 -344441
112275 -183855
-364559 198568
-533872 76118
27894 93191
3853 -264038
-174553 156551
238605 273637
-602260 391439
125770 -441369
257405 384852
167266 51248
-184549 -63007
211735 -187046
417793 37315
-192966 -589045
-190272 -303802
-421871 511991
244312 -348648
326636 312184
-301042 196161
405714 -305454
463796 53801
45436 274936
130756 -553614
253908 -204397
-257138 169958
-68710 250571
237666 405995
338106 678973
451047 269627
250151 -331634
43600 382533
331698 145476
-139954 525333
433338 -109037
-614620 -203653
-406827 15710
283222 -580082
330471 39496
133359 -285519
-789771 58467
154762 -32096
-72108 -24287
50424 -166258
144779 -43716
-457084 800098
231818 97785
-223850 -334679
-24041 568761
59114 -485855
-337410 389507
244506 -46643
-57394 -224610
-388126 -156327
356129 172055
432320 306109
211083 61573
22205 693797
-500227 139463
-323634 -80918
261157 -566630
-439428 -16790
-48883 114319
71326 242444
-113710 -1118
154820 178616
188155 -60391
-275743 -79307
622834 -264921
-364668 404229
138947 265206
-40458 -52872
-33354 440394
-44550 199146
-90792 304809
-316608 -266330
-131940 -18236
270708 54190
-127560 166296
57209 -401441
-44245 -92682
301493 -37254
-468545 -207844
-309937 211481
-47577 -1087
398397 -14379
156905 527539
233617 174132
-159732 -237048
-406089 456987
-102257 -311829
-331299 -380344
-77649 -241802
-34673 -157836
-919210 -681980
-674812 -215114
-524520 -295989
5947 -18505
625501 -723374
394947 190622
217211 -468088
118457 -97112
217791 -168134
57164 -371788
207973 -220763
-35079 265874
159059 -641725
-144659 -142741
63601 -391134
234626 -73454
229877 -606390
-46325 -353820
-216629 -321007
-182160 -477293
-84464 -254883
-288376 38425
-244522 -203513
479761 266512
13808 -195881
420108 -45444
150532 150442
-339930 552985
-59724 -190046
-486353 -65460
-17378 304045
156597 -2460
-278465 -243483
-487956 -62261
131696 228473
193772 -231409
-129013 -379279
-476998 -75870
78558 590895
82891 -118917
171639 -323675
-119574 -289827
-199647 92310
381016 310968
-102684 514171
1637 111323
218127 103545
311024 188929
130187 -199109
-102410 -85529
399558 128487
-138789 -216540
167581 303408
-418696 -219415
27060 190687
108127 -337385
-99166 85393
-180392 -14105
-572786 -266305
17938 199067
450427 475965
-212265 -100969
-190133 -129044
-58342 -77400
463671 -77335
-122043 8482
147743 113472
265555 161174
186761 -105259
289300 -151256
-558882 358802
68249 -29342
206490 39090
375786 135768
-254142 -176678
-357957 -251096
1995 -183540
105479 125181
75486 -289564
347856 -168228
-47045 -206631
16045 -380020
167351 -270061
-222270 -81516
312830 243423
347344 1224
-77328 200247
-242979 2330
40769 -320207
-44370 135962
-78263 111005
-146126 435411
317766 -227262
118724 645035
270953 -425255
-275420 -309580
10306 368600
-18191 198430
52259 180689
229188 -63684
-470830 302457
24693 -64326
102906 105372
64882 -297100
-595201 -474199
366220 158090
-501820 476329
-350280 -133913
324055 -553592
70631 -447274
-58227 -382856
26841 459572
-46533 633176
-97640 87456
-507877 145845
-519236 180679
283182 149717
133261 182187
223396 -236581
-350827 -818090
88684 -79738
-5453 -46735
83628 -159977
284805 -27757
233962 -300985
-155059 -63656
-234783 -130229
49075 -226716
8931 -159416
-16255 75987
-82705 898002
483620 207479
181644 249945
-298127 -288976
372060 -27171
32745 -513103
-421100 -647570
-231573 -247204
-144255 511878
299221 291114
-812617 -156017
588188 -346294
-613487 -52716
425853 119762
-191857 -110863
-478770 316286
-117580 -134600
99915 32823
-391480 -59438
83491 324400
-442285 241367
-225101 -317714
488533 -478299
82372 -638708
-212210 -465327
-294685 316949
-317489 74223
341302 -343753
-135368 476212
46687 203131
-99413 658639
-243466 -25062
-499238 4847
68277 -70232
-417461 -384430
17051 -324968
388044 452699
-171010 148622
154358 -86094
268811 -305673
-199805 -37311
-295727 -541112
-314601 -170672
196555 17578
-336845 100634
61248 -345195
-522103 458460
-47740 550706
617256 427289
-118387 -78808
149996 752811
138728 37049
166469 310269
460474 -104828
-174432 -234383
-464843 -153462
-354872 -27743
-271295 -444050
151060 -18241
161244 -411775
-110092 710531
88112 -263070
238125 -273238
44760 482141
-145740 512061
597777 -189715
192580 293198
-74278 -13720
-38368 1396
533547 131112
402862 356331
-777367 24464
-82694 -99459
46159 116436
671859 206841
203012 -338060
361478 273543
183591 -244456
-32137 -164517
-65354 -111148
196142 324105
-768405 -100345
488394 -26365
-233757 -186673
89742 -308376
495749 28641
-20922 45030
-244300 -119673
175544 -511733
-340140 322376
-365697 -1100201
-134023 225322
-59898 195415
55915 -117365
356830 -274079
245459 198763
630614 18072
-758284 -60755
323056 155673
-545804 331409
-147337 58362
533553 460983
61692 -125274
-71281 -264317
4246 -302073
60756 95257
40438 -194007
-81197 344941
350584 138480
-66608 -130351
3399 -181950
-249816 -119420
-14051 -325918
-40483 336365
-257535 138033
62031 -291652
249718 -522833
977354 408541
-356873 -476714
-309002 315129
-203089 86959
186529 304330
-296475 439213
-147756 -943261
-186879 112863
-238692 -496237
358481 128246
-127440 -207766
548034 -242950
-29350 301445
203160 151113
560400 -238684
-26350 97834
295300 222153
-389089 -301635
-23633 -38843
367880 -230170
176356 -220639
7157 -290529
277254 -53964
212684 335239
-195559 -256921
331398 181596
-247617 -247688
87110 165229
18336 -115560
-268968 27862
138438 -167519
56860 444505
42143 250103
-198437 458605
54560 -240822
-467102 -76934
63627 259536
349404 -54065
120895 -228486
449167 -87552
-64729 -57797
285550 -327217
-355691 -34770
-41586 135562
-28132 41062
-367869 348030
-387367 273061
-39654 -307305
462198 553226
70006 -332808
57534 67656
286723 -384978
-157583 -46276
134740 608992
372259 202865
183797 -143653
533896 296417
110992 -613133
-87490 -52324
27594 238894
94281 -104385
-600926 184405
-2733 -397883
-17338 54546
-549743 -191272
-117340 -566751
-300511 285833
-509056 396863
-395202 -592745
211285 -315338
-24806 400167
127461 -27825
-322202 -741679
-216412 -441849
331967 -282681
314733 -252017
75148 -630909
-177266 -132196
103893 297801
494529 189160
-413644 -453607
-69643 281365
-58150 34756
-215614 -505469
-29600 -134341
-83433 -157155
-98171 66314
-525478 176481
-45212 -431470
-334241 -3368
-68472 442952
364744 -22190
-548953 247625
-258708 115426
-154437 -15153
71069 -54091
50722 253357
-62364 458651
273569 -384157
-529246 37820
72339 273146
-141975 -326946
242605 -35136
224278 51041
244293 363476
-353819 274713
3267 -250577
88799 -145314
-121257 -157422
144241 16727
64648 -338747
-573144 299750
-22711 314546
219649 101735
172256 -262678
-58250 834110
-14811 -446939
-386399 -130682
-200032 149073
709140 126853
147648 171222
63130 -44038
91692 -26243
-504857 136683
-578344 -130500
210513 54532
228713 454120
-112800 -36672
-439350 -74895
-499256 437106
-106444 58057
-142823 559738
-240611 348630
-176551 -201003
-304359 -181981
157935 42927
449643 -94724
236902 57112
-104345 342281
11437 132153
-371793 -168104
-353831 253589
-177425 -13968
-594843 -554738
620830 61181
-66681 229932
103568 -158847
-246713 -427143
-123032 -109834
441622 -176536
140064 -251772
362242 -225829
-201962 -777043
-102055 141518
424758 -33087
392309 -88478
424458 546976
285519 -13912
-491781 -37057
206919 27089
-92925 33286
24821 -58210
-338257 207523
-180389 -490499
-53642 409010
132811 -217202
-162126 61805
229938 93004
95304 -308328
-46788 -99496
-319627 -154961
442012 324222
-307750 53900
36899 221124
-957387 -920238
280225 -108378
-163158 -327888
94623 -9646
513415 -144881
101250 506909
-173812 331051
364964 -60443
414963 -472174
157036 213804
-262401 341600
79309 -126914
73680 105553
-518720 -241647
-338093 339150
-328245 274116
674418 -95610
-328085 390618
15950 255180
537709 -74924
203287 303821
-30143 -563198
-292010 -49195
-280129 -415935
71429 -136736
326930 264434
-223190 119434
-477919 -179658
-115509 -192162
317037 436583
-566095 659198
-83026 -85174
-331108 -377320
-110294 181869
-264253 17539
-347393 125700
102684 61197
-51169 408355
-290939 -437739
136887 343634
160465 -60644
65792 275341
-61441 -373511
705188 174102
-77515 242559
167563 -215614
399325 50507
69785 366132
-523463 -224424
-334143 -178196
-266681 236249
240575 -309675
52155 51378
-369402 -101865
241397 -176015
34505 -434698
-356565 24925
-101227 402040
-348019 -547383
-43003 621057
168439 278656
246022 -228978
188974 426122
-490689 445670
-271354 -75411
-53770 69972
362165 -323162
255753 402094
66279 166814
363800 -20890
217796 26497
93228 -58886
-61380 738802
-591584 122548
-447389 -447253
231040 -319898
443828 -202681
-18904 273892
-185538 226436
316293 -195391
78210 -422131
-148903 -137105
-100635 -56503
-383930 -389674
-173386 125223
-128748 -326061
236622 -160902
-61469 284476
42790 98896
-305376 7884
318774 166992
-270088 -583701
28157 -417046
-99832 178966
-508792 -90182
171722 -383347
-216289 -225361
148242 156559
29467 -123624
425351 195730
46977 323498
-6742 576683
427891 -48875
-247219 -643235
-324702 -705704
407496 180305
-77266 -166658
-136102 -207428
41867 -134842
177673 -23641
-28735 -383246
-136401 179467
165584 -223391
-59299 -108287
-156675 -220878
-76297 -267646
-141130 -62187
168706 -325164
-265692 470281
-61438 68198
10222 97573
-33551 -172840
486558 359447
-134621 -155962
252731 -405442
-495746 -207005
221912 50343
192390 165961
-499223 -63752
-150201 -47708
-311038 -117905
-640261 -96034
328558 -225760
79139 -168399
235316 149808
-63808 218428
447904 -389967
-296081 83042
-231015 -154770
-78565 704608
-23078 -47539
198171 55674
424322 98850
63119 -346249
175538 208794
148758 103528
-709903 254238
408686 447215
-98872 -116898
-335076 -410549
-14260 -404355
410331 109241
402936 -208907
-142124 149893
-107858 -157133
-601865 -226284
-451231 -77173
-41879 9153
-536183 336813
-101737 1076
-441473 -144330
256124 298163
-369875 -46442
350094 157528
-259186 109465
-40307 -294962
-281444 235972
342885 295785
231879 -439496
6159 213393
272795 384560
-35740 -235059
-55260 -262392
-774962 32231
-36103 -444213
-13436 -310921
-253622 -277942
-140726 223775
23840 -423520
354548 133389
-415170 52847
155394 -149783
220216 232843
-14796 -494420
-117036 91229
474963 -531236
-121556 184971
-247818 44527
28216 359103
276282 56061
-224141 37732
-65247 521213
164923 96164
-520066 -303699
32268 -467306
-274371 -538600
-87055 -98639
-66300 392928
285074 -22629
215179 -100713
237491 497570
-97921 212652
-49036 -188900
-19263 -85723
219662 -134339
619661 119614
233175 337745
-317267 -308484
-164062 446281
-34587 178626
217157 -233921
33483 567574
178161 -172264
144512 -210337
-313683 394284
378081 48512
-96510 -158322
146064 -366485
-437018 -438717
205037 84939
-33653 114632
86394 156844
339383 19588
-102360 -411856
-112524 -74872
17286 -176621
669127 -225524
85850 195979
231083 327336
-323668 44362
-21318 -96078
331828 580594
79494 -468100
-316850 -528569
44058 172874
123906 -421486
-249411 -262222
421994 -254600
-143626 -629325
-646164 86703
-2072 427479
565699 -52470
-586682 -8446
196042 563382
452849 243686
455933 218041
308280 37178
-390063 -157918
-162908 148971
481274 90819
-520615 -191854
-52006 -272033
314824 -188101
162214 -288255
182843 326863
-81072 -39047
905901 359314
130582 -460212
-180210 515899
66292 -286367
164150 7606
224077 -394844
278327 10893
153442 -138553
-134582 234151
-19185 -610179
44253 -214148
-382137 -164197
-232038 -37143
206475 479637
107388 162460
210430 360200
628268 476727
365043 -221537
170858 -361511
-415731 -182245
-139040 -585153
-163162 -84251
471867 -47947
48710 -108517
-332065 -465722
380819 111776
69777 -8628
740001 32685
-554059 -225524
102732 -349519
426289 250460
-367178 -46518
472689 -157402
-518431 -126064
271921 -361591
-86932 347158
8873 106168
160486 -330759
74559 27231
-241825 323068
-288601 374199
-97914 -7132
186935 107614
258124 -273312
43096 87247
-311899 108775
56088 -130148
-68311 355263
183080 359754
-381099 -236047
88331 157250
-98792 -471909
539619 -83661
105929 -317516
-500597 475284
56635 103962
454492 -35296
-457964 -530248
200292 -176325
-101512 657962
187400 -310559
135726 27087
187856 21435
220962 165831
1568 -845683
429669 15927
22535 -88085
-316239 3439
75875 459854
117253 -185392
-168686 -248104
286537 -489953
-45185 -398691
