-79
-2819
343
4642
-352
-223
1243
3240
-2974
-4096
-2532
-690
-1709
2277
3724
-2665
-4333
-575
1624
1907
-4224
-2895
-2221
133
3466
437
-2671
-4592
-1525
235
-4757
355
930
-471
-1273
1962
2448
-3204
4561
-1871
-4369
-392
-4832
1221
4124
-1053
2917
-3277
163
-115
-750
498
-3371
1823
-644
1678
1876
-2391
-4306
-10
-1576
-2892
4208
-3204
3010
658
-679
-633
-2542
-1904
-46
3729
-3052
1908
925
3889
-311
-3933
-2946
4228
-1861
-4371
137
810
-1199
4593
-1223
4088
-2010
4258
-251
-2145
3081
1318
-296
2044
-3451
-1063
3025
729
3239
-3051
3793
-4269
-65
3092
-132
744
-910
-4067
-1110
4674
566
2193
-581
968
-187
-4421
-2492
3627
2620
-594
-658
390
2163
1995
757
1409
-985
560
-1981
-3840
-4025
-2173
3253
1305
2330
-680
-2970
1170
-956
1998
-4969
-923
33
-452
-2890
2020
-1830
4512
3511
-3780
140
2099
1641
-1890
-4212
916
1217
-4942
-3974
997
3901
-2380
-3647
-1451
2727
-3397
-35
-3946
3810
2743
1568
-4374
-4061
1940
2922
-2453
-3448
3825
-1356
4586
-1990
794
2998
-2186
-2749
-4717
2892
-4144
435
4562
2173
495
-423
1019
-4215
644
684
206
-4374
4288
-2214
-3143
4849
3860
2570
-4491
921
-4704
3325
1138
973
-1915
-4276
-4521
1917
2877
-910
3796
-4045
-2762
325
-1397
-3549
4999
2270
-1726
1555
-2979
-4957
3349
-1237
1977
-3035
-370
316
-2341
-3076
4730
-2371
-2852
3718
-1609
-3110
3498
-597
-1796
-3709
-2717
-4093
3423
-3386
267
-2786
-1591
332
-3321
-2982
-4373
1054
2758
2615
-2527
4259
2814
-3558
-925
-2740
-2805
3536
4612
1212
-4787
-2547
4634
-2707
4969
3106
4748
-1960
2624
3479
-1096
2946
813
-640
-3621
-4765
-2481
-968
-1429
-216
2901
-3385
981
-329
-2074
-3621
3920
4299
690
-4026
-1140
262
-51
47
-1402
-482
4502
879
-3674
-734
-2184
-3027
-2147
-1050
-4937
-1323
712
4617
-173
4047
3814
3365
4210
255
2418
460
4786
-3143
-4369
-3386
3763
-2381
3070
2240
1400
-953
-83
-2830
-2375
-2658
-2263
2776
-2640
2041
-3431
2361
1248
2596
-4677
-1961
-4789
-3887
2710
-4570
3829
-4225
979
4162
1233
2013
2488
-448
-4308
2953
3358
459
-887
-3490
1766
95
-308
185
-1083
3794
-1041
3863
1623
4886
-780
4136
-1325
2906
2723
-4721
10
-740
1404
-1400
-4443
4163
-791
1308
776
-2938
4786
-1447
-2439
3454
2957
1488
4931
2496
-4084
3857
147
-1416
3279
-4980
-3977
-3566
-1284
-2869
-2602
-3809
3789
-880
1634
-4129
-4732
-4664
-1228
-622
-2026
-3115
622
3435
-4704
1996
2100
4165
-620
2118
-220
854
934
-2534
-1451
-3816
-3989
3616
-3176
4472
2594
742
231
-523
3779
-3480
-1229
4890
3096
-4712
-925
713
-4662
-1956
4837
1583
-3800
-4200
-4901
-1257
118
924
-418
-3185
-582
-820
2919
3350
-911
-3781
158
-1022
-912
3147
-3290
682
-4934
-218
174
2850
4236
-3705
39
1534
4551
-376
4604
-2743
-1033
-1371
811
3445
-4374
-3548
4919
-3263
-1212
4729
2020
990
1842
-400
3876
53
-3586
62
2818
1859
1777
1392
2236
-2391
-2887
-3545
-1906
-377
-3298
2865
3870
1996
2747
3682
-625
-1419
4134
-2881
3899
-4373
-1848
2324
-2655
-943
2351
-4402
-4988
2189
4382
4068
-817
-2987
742
-2865
-2470
-4262
-4739
-699
4800
4780
616
1905
2395
3397
-85
-545
1942
2864
3502
-2096
-3811
-2521
-2474
-45
3118
1101
930
1899
-139
-3351
473
-1383
4332
-3876
3064
-1858
1428
2431
4047
849
4392
-3120
-3658
-4224
-1054
1043
-1550
-3652
1626
-1305
1929
4113
-1509
-2151
-4738
4447
-3477
-3261
4525
-639
3981
-1527
-341
2743
-3804
-1584
-1878
-4725
-3943
870
4966
3600
4282
3564
-4385
-1490
-3225
4708
-4037
-3765
3561
3788
-2523
846
110
92
-3715
-37
4128
-3126
184
-1070
823
-4470
3909
-3211
-518
2528
2499
1594
707
-1909
1701
-705
4972
292
3266
3924
4873
-1834
2407
4221
3001
-3856
3988
2339
-4764
-1209
3712
-2942
3013
-413
-4324
-4596
4963
-2070
3063
96
218
30
1415
-3310
-1979
2817
-3492
3441
3473
2593
4611
-3230
2762
646
1139
-913
-1413
-4736
-4556
3384
2433
-1983
961
1772
-4658
-1602
-3846
-1008
2653
2791
-3352
650
1737
3748
3735
-2064
-3808
-1737
-1121
-1633
-1505
-1929
256
918
92
1111
-3907
-3391
-344
4511
3001
3415
-1491
-1365
4160
-2765
2435
-2701
-4756
-3286
-118
-1303
1959
3717
1252
1493
-2781
-3836
-323
-3716
-4383
3956
-4807
4527
2573
2001
-572
170
4963
33
-1734
2415
3505
1756
-787
-4701
-1424
-3318
-2245
-3894
4521
-2357
982
1810
-2686
-3298
-1341
-3944
2003
4197
-47
638
-4254
-4406
-4975
-4197
494
2579
2717
-2625
-3433
764
-3713
3000
-1669
-15
-4208
-1483
1086
3456
1675
1426
2245
1974
1430
-4583
1982
-3876
3984
-23
-2619
3287
2070
-3232
-2082
902
1980
3752
-1279
-1555
-2769
3470
415
-1163
-1554
3850
-2846
-3725
3475
4555
-955
4122
142
-2141
2096
4516
-951
517
-4526
-4832
-275
-827
193
3976
3186
-1625
-955
-1535
-4627
-2126
-3173
4618
912
-2807
-3954
1144
-3959
-4440
-3303
-1033
-958
3350
667
-4351
1647
-3797
-1362
2689
-2393
2889
2379
4110
4657
-2120
1332
2549
2949
3658
-189
729
-439
3622
-2453
-1988
4398
-4537
-4985
-3808
323
4526
2817
-4999
-4741
4800
4347
-147
-4646
1274
1558
-3450
2362
2279
1384
-2271
2447
1919
729
2295
-2295
1086
-2733
1125
833
3381
1461
-560
2879
-1629
-883
-3781
1793
1385
-1340
341
3924
-1704
4106
-2351
510
3882
452
-4569
-528
-2398
1192
-1463
-2567
1213
1851
4511
3858
-2002
-3224
3669
-2746
-870
3960
-2797
-1001
1540
-2978
1459
-17
-1265
3366
1944
661
-2165
-3349
1307
-3807
-1526
-3904
-2125
629
-2291
4345
-323
-3788
-37
4807
3687
-4880
4913
1416
-173
-2841
2889
-25
4746
1292
2958
2164
-1466
-900
2490
-3477
-4745
-3713
4077
-2274
2252
-584
-1136
-3134
-4347
-3981
-4216
-394
4389
-4207
-4593
-882
-2263
-4522
1038
-1164
-1607
649
3261
-4675
1558
674
-2841
-4185
-1626
2682
1681
1724
1141
-1936
-2604
2759
-4052
197
2611
2789
-176
-1160
-2457
3442
-2351
-4902
-1901
3403
992
1737
3538
-3310
4353
2520
1811
1135
280
1566
-520
-305
4177
-2563
4441
-394
-1582
-80
4644
2606
-495
456
-3935
-380
3778
-2508
-988
-343
-2142
1560
2754
-3165
787
835
910
-125
2222
3311
-2333
-4983
-1360
1747
-1964
932
-4346
318
-2751
-1214
4202
3871
1990
-2943
2325
1509
4820
-4030
-2337
-3169
475
-1161
4188
4144
-4402
-1438
-252
3477
-639
4161
-2398
-1276
1186
94
2729
1874
2257
-2156
-4411
-2351
-2862
-101
3224
-1759
3737
-3750
-3917
-1781
-3938
-628
1495
-2688
1742
634
-3815
-514
-4214
-4257
-930
-1506
4519
-4409
4949
1550
4083
-3675
-534
4483
-2533
683
-4153
526
3737
-4156
2260
-2312
110
4284
3033
-2716
1387
2036
-1067
2791
-4371
53
793
2284
-13
-427
-3577
-4235
-1068
3551
-1175
-4551
-1147
-2107
2231
2741
707
-2000
799
-1997
3711
-4668
2504
1525
3176
-3489
3024
264
4142
-4993
2403
-4831
-1886
-4694
-2056
-4787
344
-836
991
-2641
2705
408
2201
-1710
-4024
-1520
-4387
-2226
186
-3980
-3674
2729
-3377
-17
551
4840
2247
2496
-93
1591
4434
3258
-236
-1461
-377
-4642
872
1549
-4396
3009
-3141
367
-3732
-4645
-1891
2811
-762
-4598
-1028
4898
-4182
4763
4781
1718
-3604
1160
4162
-2197
449
-4472
4283
2855
-1461
-3465
2442
-911
-4559
-110
-1372
2055
-4161
-4584
-374
864
3945
-4942
-2666
1873
3358
-2804
-3914
4021
1395
1386
4557
1840
-180
4409
2861
-1148
-955
-2939
-2909
-4749
2410
4355
-1009
1963
2349
919
-1064
-544
-1406
-4832
-3149
-1749
-662
-2065
-4633
3813
-1293
4539
-1286
4190
4559
764
2586
-1532
-4417
-3303
-1226
-1228
-4337
-3902
-325
3713
-2142
-3486
2226
4357
-1027
-3801
1013
-2992
4280
-3712
-1709
-704
-292
406
2637
2144
-3860
-938
839
-4089
-498
3593
-3224
-3519
-1172
1859
3504
-751
2034
-2577
-1923
4076
1514
-2752
44
2701
-4426
4095
-796
-600
3125
-2548
-3127
260
503
684
-3709
-359
3642
-1923
4383
-4030
-3476
618
2667
3286
-4084
3640
-4314
-3206
1420
-2817
-4178
1482
1890
-4763
4592
-3294
451
1534
172
-3303
3750
-3317
-2189
2806
3540
2765
2033
-4501
1542
1648
2331
3666
4904
-2051
-4798
1977
1578
1802
4091
3227
-1572
3811
-2189
4939
1260
-4046
-762
3934
711
-3513
2055
3628
-1791
-3059
-2158
-3949
-3392
-978
1172
2650
2170
3498
-1697
2401
4522
-2462
2829
-2665
714
1299
2219
1218
-13
-4893
-1434
3456
-2725
-2406
938
2857
4073
1517
-1112
1219
-2457
4161
-386
1525
2439
4967
-4985
1744
-1964
4189
363
-1303
4330
-4527
2790
-4496
4556
-2198
-3437
-457
507
931
740
-10
-2760
1450
-2549
-3967
4462
2750
-4533
2482
192
487
955
2074
-3310
432
-1746
-3595
-4048
-3281
788
4442
2749
-3154
2706
-4042
2818
-3562
2866
234
484
43
-858
-866
1110
2086
2087
-1380
-172
-3905
-273
-3754
-2862
2015
-3104
-363
-113
-2001
1183
4728
-1959
-850
4347
1373
-2350
4322
1721
-4512
1178
-4903
-2897
4393
4719
-3636
598
-3890
-3095
3470
-3648
-1770
3132
-749
4619
-2850
4572
-2867
3009
1774
789
1468
3420
-3392
3746
-20
-1559
-1505
3938
1759
-885
1543
-2136
2001
-1699
-2614
1174
436
1955
-4989
1756
3850
1137
1267
134
-15
-2800
4802
2872
-4395
-3237
-4115
4926
3295
-987
-1546
-1937
-2965
762
4996
4385
-1142
2145
4324
4350
2485
-239
-2647
208
-3274
3634
1661
3199
-1550
1283
3532
-47
112
-1013
3409
-1395
-2177
4261
-2970
-556
-4786
1708
1133
2583
4745
2290
-3485
-4401
207
-1208
4067
-4180
983
141
-1438
1816
166
491
1691
-4631
-4972
-4499
-2053
-3147
1022
-2751
-4052
1162
2015
3729
-4995
-2947
534
2049
2701
469
-4364
-1114
-1127
3673
-4840
3388
3691
-803
-1964
2118
-3235
3307
3098
1566
1410
2963
-4344
-1786
4409
78
3728
2303
1646
-3269
-1073
2153
958
-2882
-1706
2806
3398
-1510
-3178
4330
2029
129
1606
-2136
-2972
3525
-2788
132
1467
-3829
-4519
343
1199
-2241
-1594
-2042
-790
-2981
32
-831
1086
-2243
-4713
4204
-991
-4204
3507
-990
-4426
-1206
-4530
4807
-3080
2344
-564
-2464
-970
2947
-725
1828
-2190
-2678
1471
-3196
4253
-2407
2109
3605
-4641
2309
3011
1856
-3957
2982
3417
3502
-2891
3530
-1692
-2027
-1732
3072
-3621
-3122
-1341
2325
-2240
4389
-3737
3497
3746
-1485
3089
-4928
1341
43
-2170
4817
1828
1555
3530
-3586
2296
-745
3264
-4299
934
-4651
751
4964
876
-4757
4804
-279
-31
-4449
107
3848
-3311
-4408
2550
235
-3369
-4922
3489
4505
4636
2332
-2779
-3220
2408
-1092
3652
1615
-3872
3142
4421
-2499
2730
4876
-4600
2024
45
3560
3992
2074
661
-4381
-663
-4481
-735
2771
-1105
4874
2324
-4954
-4884
-2101
-665
1209
-3927
1156
438
-1438
-2900
2444
4022
4878
-4309
4955
131
-2181
-1892
746
1927
4685
2598
-1387
-3140
-3910
3595
1687
1083
-716
1244
3237
-3852
-2129
3356
-4452
2067
399
2130
-4091
4008
-1576
-3921
1201
377
12
-2915
-3680
-1122
-4612
2013
3336
-3363
4522
-34
-4565
-1141
3478
528
630
-1247
1329
820
-811
2651
-3118
-4394
-1183
1404
4604
2045
-2164
3531
3616
-4752
-4846
-4917
-116
32
1947
1994
2383
-1223
1691
1715
-1003
992
-3472
813
2433
-1304
2332
3768
4869
-2769
-4249
3037
2730
-1291
949
-4173
-4427
4081
1944
55
-3503
2561
-295
-3730
4069
-1436
-2032
3835
667
-585
3931
-2958
-4972
-654
2254
-1423
3558
432
3061
-2398
692
-4115
3992
-2835
3481
548
-4359
-588
4827
4387
94
4049
4110
-3465
4674
-2648
-3648
-2079
-2924
217
2771
-3945
-2740
-842
-2567
1150
-3706
43
2441
67
4406
2661
290
4042
-3125
4009
-282
-1760
2498
-4701
1112
3395
3940
-4703
-3116
-3481
-773
1803
-1700
-1650
-430
2449
3793
-3391
4275
-4660
-3386
-349
4128
1186
-442
3444
-2972
-2102
-1592
495
-964
-4344
502
-703
2044
3020
2995
3747
3587
-4360
-4308
1995
-222
-424
1444
-4943
-3908
-3932
101
-2196
2134
-1564
3780
-3880
-4793
-2950
1685
-3548
-3316
-3001
-3063
4250
1668
-1607
3999
-1202
-2713
-4489
-3364
-1078
71
735
113
808
3867
1998
475
-3718
