0
-1738
-66047
-142306
-103134
52441
371122
772724
1032926
702660
-491504
-2446486
-4582908
-5911068
-5209592
-2849493
-36786225
15990458
83715330
12194744
9883625
22175810
39762488
-61229686
-84233961
-62625597
-31857310
-39741447
25152079
50424436
-42355845
-70239152
-21167146
5685203
7150139
-81549629
-59205745
-45679628
-9218982
38494582
-9748809
-61471322
-96078941
-55992109
-30691307
-98474903
-14858615
5221900
-3916816
-7646226
42001346
45641890
-44742969
57902369
-44830497
-86223966
-27773817
-86575832
10204001
60856147
-9215888
49044829
-44760566
-257454
-9069182
-20120876
-370724
-53012434
25777150
-9553726
20981163
17476680
-51737508
-84860277
-23361324
-42309988
-54101846
57419612
-44549037
47421908
10269294
-14989411
-20059915
-50610606
-39442042
-6233710
57300837
-33296322
43731343
29256442
67243984
-2711437
-65707527
-60224907
38726738
-50447824
-82569111
-8683330
11476779
-7427350
85192935
5903831
85214826
-4281196
84082630
14451205
-17457164
54433609
25394867
-248378
33189493
-45968062
-9413430
52220512
20593307
57865687
-34128851
63560394
-56870287
268708
42205269
-7725872
4013434
-18248995
-59761407
-10927046
78470271
21188308
43470810
-1925464
13649410
-9467849
-74520762
-45655464
48085771
40884023
2520490
9244773
30004303
57929257
53221147
28023462
26082781
-22695142
-13471379
-59611101
-89191560
-87238567
-50176487
40876091
22938436
43622742
-333832
-38930654
12938502
-26930262
8735957
-96833733
-38216706
-20669774
-20889925
-47468574
33444531
-14180364
83784669
71224659
-36894187
14602414
34924310
18895670
-41501103
-82489184
-12196624
-8979226
-97039832
-79889026
-4419909
39784088
-51191799
-70214647
-38302723
24109949
-61261257
-7216228
-59098872
56938753
41465533
21285648
-70081324
-70058642
14975065
30650635
-42229220
-48645596
65651086
-3560327
84538725
-15234229
16020305
36122690
-50527893
-65544403
-94070666
23805694
-66667825
12914171
82980846
52564445
25912908
5159679
16181502
-69563161
-5539778
-7355769
-12057292
-72604064
61620861
-24690700
-31747892
87965978
73580633
51792865
-56029903
16508859
-71924412
38549261
1445834
-4476360
-47473050
-79920605
-79374927
18958448
36487080
-17791463
48729773
-68708283
-52546988
-7405516
-29219535
-55445915
73523062
35757897
-24002659
19525664
-51485151
-84255856
34705676
-32014624
15630788
-56699517
-18009569
-8664657
-47559550
-57301741
58790591
-41017346
-44539193
53055123
-25255164
-51000553
38507832
-29023936
-53670664
-86237973
-73112912
-91264414
21596955
-74669152
-21256676
-68583925
-55960231
-31975084
-85270976
-74472269
-83140828
10563422
49380641
56382437
-16403859
77696678
48153450
-53375846
-20905203
-49009979
-48229115
47355712
66202869
19247857
-65580525
-29257046
81229429
-17294378
103735044
85129743
114729654
18668912
82146752
86522806
7647654
50927280
2988770
-33792993
-88796905
-110966501
-76593848
-48062330
-45610131
-19311961
32279097
-55735810
9658127
-7715988
-30645213
-50144471
61724486
67202958
11999187
-60972884
-23069244
-4357599
-7110621
-924238
-16537011
289247
71847020
12589381
-64928692
-35932736
-70133666
-91718364
-81759798
-61017758
-105417425
-34989563
15625148
93444787
42020060
116828158
120599878
114373496
120323736
50551563
65573010
19071533
65668674
-61025739
-82918729
-64851031
48644512
-29299039
58878236
49575094
32496095
-12783499
-14049496
-66634818
-67581467
-72502822
-60791785
22994171
-43940417
33886911
-41073797
41381820
17252606
24544623
-94943793
-66932747
-114460689
-100861094
2653000
-90318496
47616896
-54359201
33323816
86886866
46494623
56169206
58834152
10985459
-50185970
51171573
53248537
7653973
-15233842
-55966394
18951956
-4953890
-7468022
5925920
-3898773
76871636
15902826
94927735
67048992
115545633
30128615
95018635
6235544
56923928
43363426
-74319418
-12011000
-25943144
5881788
-31358553
-70630219
59604994
-8920459
23291164
15981367
-37532019
76954805
-9066395
-16502490
77412373
77654665
61038306
112073638
73132963
-30196674
74275685
6521070
-31517277
21292907
-112588252
-107660693
-105432263
-69168376
-83541337
-68471058
-76096274
39602445
-29701304
-326554
-94413455
-112895982
-117697694
-67874021
-53645693
-64284638
-68076676
-1167375
51709638
-56094953
50403162
58689141
92209063
21716478
55428473
10444883
11668988
-2133319
-64603457
-54799190
-87588776
-81279014
42919941
-41418893
81690942
61201720
35834303
26007576
10812895
68948100
-40628665
-11640056
73374532
42958247
-74846213
-23029212
-1357993
-81036398
-43358521
52325360
129737
-84034758
-95197029
-108424216
-54649674
-29787265
-9990225
-20047861
-51302166
-6561310
-6221897
49071356
53767712
-11567422
-57727061
-5136845
-26882064
-29004806
27701084
-66505765
-7197040
-85292451
-11018738
1837631
48692373
76704228
-32365668
26343576
49647302
92231130
16602060
83107394
-31141912
-14075929
-26284407
-411181
34593333
-79312068
-63840662
66171931
-43518746
-3315379
92163581
58352002
44174876
52724997
13321051
68800948
9361340
-42854712
14940791
61194474
51210888
48290537
33758782
31327631
-53058689
-74477636
-90803652
-63729415
-28673386
-52146462
57912101
89574322
72457568
85365797
93868961
21487900
-1456501
68659305
-42071903
50109342
-75419274
-43287990
13243360
-62120787
-37354756
14512533
-75372499
-72606121
42908325
81727928
76605716
-3870098
-51939930
-16596092
-84583346
-85449350
-106719277
-98281383
-17575894
85078902
103067962
53628042
76128118
81467794
91300302
34599306
20874401
48438539
51117948
48441942
-44191831
-76425817
-58830731
-52838742
-7620895
49334841
28195780
28757143
40338970
4231709
-50076033
-273241
-29202472
56860473
-55159903
56361577
-4070223
52721802
71412729
92139253
35663641
71639199
-55505669
-79524874
-98524590
-55378516
-20075362
-47109261
-64674696
23781058
-11696662
36538565
63897873
-25774832
-43367631
-86469042
46734043
-63241617
-50463042
73862120
7399189
77378794
-7827548
-3150247
24719936
-87110797
-65627325
-70656385
-101494357
-70693937
22276060
101540437
92489874
101458978
79564328
-53218965
-28045991
-64616231
47601739
-75345448
-62861977
52455478
61415265
-29072842
17634218
2802660
-1414065
-59444201
-7312139
52503941
-54130430
-7654314
-27616920
-620955
-75686850
50927181
-46085537
44851
49843344
52186942
39251898
25576890
-12252713
42914580
13601458
104266349
44647143
94988271
108655432
122846598
21933617
77605631
96054218
69688018
-38332178
68636480
38895769
-68961528
-21104303
46768993
-53721343
29780725
-21607963
-77341147
-76972732
68868216
-26498221
53041823
10619711
8637523
-868193
12676208
-59263681
-37594974
40431192
-38897095
75433120
87092782
80421315
109095268
-12575226
61601801
14905154
6767131
-34545630
-47201810
-94343805
-85484360
38096508
30579058
-31746152
7717570
12385045
-89049516
-49694189
-81952030
-34027572
31009230
46963242
-29857380
36363204
53493440
76921697
65069616
-33887429
-73243453
-53198537
-48414846
-54142449
-46627601
-46296878
-9742844
1746220
-10466246
4366406
-66135154
-52279730
1777872
83430734
70698131
81209954
7586962
227873
66106177
-51433408
9155091
-75002915
-106286878
-77666536
-17859107
-19064096
41503476
72730410
32964731
24026381
-55206776
-86484474
-45048605
-94883702
-95847002
40437181
-70041940
80623442
62293748
58842899
22573769
32742381
101741639
29462758
2100600
57822520
64580536
25644682
-26917350
-97894930
-59026518
-87803194
-66523638
-80788019
51086651
-43476520
5422979
14130932
-54827546
-64387498
-32587647
-64731693
26130887
57434815
-11510492
-13655405
-97708278
-108750855
-118490473
-100955377
-21282040
21300592
32404989
-41721113
-55470456
-250160
-72170274
20268860
-49181385
-21930998
-75157795
-23998455
26507581
72941502
54958092
53261321
60840934
47989683
29615104
-66706064
23707170
-62420038
53927043
-1300740
-36535164
50911856
33748370
-43173250
-25899604
18468222
35007456
61114880
-12780431
-18668024
-39084652
48546527
1356074
-23219202
-28654946
52368447
-40540819
-47047745
65039595
88108799
14173964
91786309
33857937
-4024913
48082950
69995147
-24184088
-15079143
-94978393
-98205857
-23383380
-18651603
8091234
69429124
56242946
-22605899
-25223093
-44479172
-95014192
-58078559
-68677733
49308637
-3797522
-62377844
-87662604
-22587583
-102421777
-108919073
-85758451
-42577388
-31514542
37573440
83679
-75028282
9414844
-69931967
-29814032
38953378
-22054985
67856035
70947474
102431308
112328537
12408716
59680512
74196441
77170915
84775000
25323567
33402960
8701162
57579429
-42487052
-46888634
37264398
-97500022
-103902841
-82040249
-13836601
56647472
40365754
-67232759
-60659028
77918784
68853751
224806
-68034629
16907453
21910359
-47877613
41654351
46161542
38295106
-11878334
56625816
45539106
22687402
39584099
-31370647
17116551
-35307289
26565304
28417331
69312622
40986924
6547492
48333028
-26141545
-21869444
-66421445
17144241
17495632
-13961928
18599985
76916715
-1675723
82704803
-14925873
19723867
59385669
-1198773
-84188954
-32029139
-60663433
-3622171
-31995937
-34827549
33004139
51318000
93232499
81115337
-11107749
-37508356
54777351
-44488277
-20584174
48205173
-50320090
-23282876
15908432
-45857839
24165985
8715889
-4753654
63823804
39428681
12089955
-41278385
-71851736
-15258903
-96419173
-64474173
-95110206
-61516730
-11874284
-44455937
61200011
1250801
-42562527
16837549
90022565
74020644
-52590482
86635382
32842183
9188973
-26781278
62875817
28481363
104748740
57026213
77186043
54868851
-13499341
-21831289
14260841
-79350345
-97333442
-76509334
44276591
-43380712
21745078
-26131839
-44401647
-83751489
-108218765
-104766167
-105614549
-45370336
28010251
-95848141
-102614107
-50302388
-70194848
-99176315
-10522865
-32934923
-30770474
6919895
44589770
-75580108
8642396
-9169250
-61217739
-76823369
-32080348
38813130
30056506
32239183
21166085
-28337026
-42011542
35177916
-60929941
6236322
46370779
50521381
4046870
-17948786
-46391443
31412095
-56437149
-91159015
-39464776
49339772
27001499
49062725
83161796
-12561301
99016957
69540553
54761702
40065392
23125079
38211742
5349412
7197782
72389960
-24476386
79565646
11823545
-3248487
19483143
87124425
53942798
3255829
10296990
-60314730
-13880036
43492589
-48784852
-25631932
-14026373
-37318551
19950123
41425124
-39957255
22256308
26510595
28908142
12052082
41249471
49707183
-40997995
-87995367
-42269703
-1911647
-57900056
-14533082
-86739185
-11000052
-44909724
-10155845
80712191
85240851
62152857
-11702316
56851609
33180207
69009669
-69428616
-49579136
-61188178
-3586837
-20769816
63512351
67632071
-54438221
-11278917
4629071
57367569
-3011807
67973417
-24448312
-4234250
34771368
19297835
53792787
33094851
27655477
-47432572
-87503818
-59113508
-62908268
-16404236
37050890
-34772610
40546248
-76424676
-86553599
-59316897
-88760972
-34019325
4819070
-50913769
13060784
-9422479
-84189357
-45606921
-104276627
-102390782
-43853744
-36926303
67782310
-47471797
98007104
51391043
85084725
-35119747
1552890
65868875
-43103038
-637467
-72824909
-4006443
45679324
-64275764
35379288
-24297845
17194770
82072213
65106571
-20404704
35149690
39451496
-10193430
43029914
-62642269
936655
10268779
28969348
-9172070
-21291048
-73257391
-87938435
-44656376
22787826
-42569600
-85827414
-28890665
-35395082
33826692
44889534
16158562
-24653890
13607914
-28990676
54115555
-65077056
44372280
36322189
65826607
-28274751
65222890
18803619
64190522
-83424623
7945551
-112252263
-80341919
-125879056
-84802311
-115044972
-26018434
-27093292
13767712
-29656738
50778758
12918153
28846692
-41498442
-88918954
-64057034
-113199066
-84349823
-46994467
-101109372
-86692752
18785178
-56241049
6956473
28899427
103297626
74707923
83564579
46415005
66384004
98676518
69401316
5321438
-24519723
-17572283
-84498839
-5934482
4061063
-82504740
23557319
-69699976
-23644351
-87913956
-103872024
-63173084
9678206
-34092543
-78797726
-14271244
84258310
-37605546
98881402
100583258
52776035
-31338101
30270896
67292812
-29247733
8057953
-63013295
65087917
43629576
-22028621
-56115471
23696837
-31360432
-90036926
-29200750
-49435049
686925
-87555931
-89971068
-24187864
-1819661
46381624
-81119942
-47350497
19117031
42285656
-43425970
-52274025
73605513
47468262
58913882
113310093
76195162
41671833
95876407
55499042
-22191943
-35525265
-73366727
-72452173
-89698124
29963201
75024948
9856845
58535655
60473355
27967964
-17591885
-28083922
-56463005
-117374419
-97957237
-76483276
-53764741
-62302476
-83964918
56854715
748714
101489656
27339334
110034970
109752986
40756502
47621787
-34146752
-96015328
-94479454
-71531405
-71218806
-109578806
-92059142
-27186898
43746156
-31846393
-45327346
39780938
69128071
-13706568
-60304515
3438693
-59529597
44362252
-70497638
-36953124
-16234846
-4328183
9707945
42973736
33255797
-59467273
-23718679
-4363277
-80732314
-30232863
30877659
-63840198
-61715683
-20469683
29991170
58675368
-759849
39930168
-28789876
-21802423
63077873
24169173
-38272382
3231291
43085041
-59637525
64304290
-8543973
-9039751
40655364
-46447402
-58249362
-9975008
-4867882
1108687
-59009498
-7397831
52029032
-29063367
62350298
-59637271
-49989856
11656632
42498816
49935443
-62186827
42400635
-82145069
-73490243
-10206616
-71310147
-86415273
3363398
17429293
-72688774
67540416
-46313665
6387561
19106828
-3177973
-54089836
50888744
-46991357
-24476272
54010041
69303158
61252123
52778622
-40456567
48902175
50964491
59870198
76180058
89736646
-15618852
-57553372
42517969
41927240
52495937
92531602
83578952
12797483
85725984
-9719130
85536464
25708593
-54294060
-5866484
65151529
20520805
-41735479
33650440
45939881
-46428116
-77859087
-72994810
-99434963
-82932718
-32146437
18228725
57762379
63789384
88998598
12319211
66096457
89368026
-18895461
54001467
-27550525
21030520
28163583
37839839
17043317
-8489078
-86141882
-38916037
34395070
-48345576
-33200996
26070090
61978341
83408495
45797963
4966222
36095136
-18594121
78246634
13727356
42802122
55918728
90812608
-56910492
38217417
-17619755
71070251
14910760
-10538899
68559393
-65020483
35823984
-75252517
53222602
-45449367
-61431364
-14749563
2298700
9967533
6414183
-6897834
-49855249
9484788
-48530169
-66448821
61275248
42726714
-56798184
50101734
18834997
20969049
20964844
26204652
-65374301
-23308745
-63114240
-91306005
-91865363
-69096693
3663921
68365699
50573945
-33993055
48259480
-54824122
40565139
-54794538
38488465
1965884
8526532
5691696
-3832517
-1212289
28351975
40380432
34521548
-25047541
-18312562
-83057501
-37924229
-92035290
-77767295
-1701330
-68448058
-19860018
-7648434
-27120418
26558761
84721628
-7029267
12695146
88797818
42154591
-19160252
68388521
21126951
-76494497
3605437
-83394481
-50182517
59675430
65523544
-58769497
-2857752
-74291647
-66438243
29791537
-68142956
-31785546
49421017
1475249
85486330
-19962496
89544721
-17892739
68107192
50290313
35082048
42485688
67120303
-36305479
63978454
7381744
-14788016
-12310776
68693568
37432090
-2813672
28337702
-30891935
23512662
-34553104
-49448383
7226559
800977
29147115
-65081690
39384060
74718005
37850850
39465921
19752093
11888845
-35637274
68243203
35149749
-73011975
-56347104
-68152748
64292821
40579784
-22279898
-30474850
-33672133
-42049895
23235220
98985406
104373666
34694655
86434822
114097774
103561143
61818245
7932371
-37396880
184757
-48171819
59179902
38940779
68593291
3524580
45016203
75154094
18967418
16546257
-4919308
53721633
-22707307
-40589505
48203892
-58101656
-19011118
-72170647
32899657
33706029
59364099
89031298
45699624
-49172941
-73162076
-13407671
-36181109
43722160
-69387480
13935578
8746429
-10729555
35147369
3964496
-3393252
-1083694
-108409794
-125528600
-124800599
-88160372
-96441006
-23954005
-66002376
-73883242
9735368
26688544
53785716
-72334572
-42347117
7715767
28232450
35327765
156983
-72003228
-24633124
-22536442
51183420
-68257273
55051457
61737570
-2241387
-17574942
44278237
-30427746
67731785
66110746
42877762
37861634
57530371
-50099293
-11558307
82008810
22854355
77713595
55071991
39899494
-39557419
-15534189
25894404
6502684
-47646153
-26009255
45444351
59691300
-7306544
-29211874
80054972
44468537
12921286
29422476
-30520065
-48070903
41446651
-54803806
-15994431
436046
-78851650
-90463463
-20698089
-8561827
-58512148
-48771927
-54680054
-35681904
-66341243
-20770902
-30942188
-233060
-45917986
-80030953
50013750
-27137744
-77041828
31237724
-37594003
-89212434
-41641842
-86730833
54204162
-54654558
29757870
-8573175
-34248388
-12629132
42442299
-14145048
19809801
-40917489
-48515966
13665490
-50263355
63300524
-28454132
41197711
65485507
-53221598
49020425
61132471
47310219
-33872699
69774458
76402750
74697112
-24775317
59298252
-27297432
-42565328
-46505568
18456071
-79725864
-68791128
-35419274
28067130
-27326536
78589119
-33876827
72192354
71922151
-11139134
48265952
-72805050
18570640
4693431
-19240679
91260597
54319010
52340046
77746865
-33680654
41487766
-12811248
37978206
-75374007
2100276
-74260652
10982262
78289548
22544901
-58913835
77559112
-1055723
-3052441
-73035259
-12127990
37212327
-71074272
-89095636
13637530
-13958252
-55924107
-65856972
68380686
91180564
95121913
57796361
-23982745
-38199690
38606521
-13037375
59581270
36000999
-37909653
67788437
87212322
-14562666
60327804
92129830
-42709564
57965306
32218286
82394436
82019239
42373628
7972740
-77026339
-28581301
-82501899
-20916250
38678574
-12203485
74131371
29983396
-86622590
-96378826
-63260731
-44647932
-14590011
-82691020
304415
226903
-16333046
-27497521
58090101
85168860
97148387
-41054745
87375455
11810769
-24138500
-18882931
22457578
42112987
82019498
48284680
-14761644
-44515494
-57183673
54026670
30451897
25509087
618216
26703290
50579458
-58373672
-37497843
41113137
-70897683
27124212
6021681
32976925
-57569355
58333368
-26710449
-66167916
1804268
-17232185
-28716469
-74918145
-85622064
-43701878
-86478627
19274775
46546394
-45995196
70079000
2606890
-65100552
-15582648
53524013
14103419
18861095
-7798782
26364692
11935596
-20371778
23168713
-62724403
-76516989
-19020082
31943119
89723757
56897699
-9430856
59703756
42535144
-96412003
-108100471
-109414286
-29862428
-11418572
34151016
48831931
61286262
7721048
42922735
33456148
-14466640
10530736
-53045670
15514216
47894753
2088520
60880442
83583895
96992956
-20545717
-50606280
46472073
34332690
-29376705
1000876
-72938308
-73973462
53314128
25134722
-840191
-52649313
34551817
-7550994
-56320177
60671990
-14673595
-19298755
67217444
18232040
-6521078
51487901
-54644244
-85663301
-19408195
30195874
-14816666
64246261
21568104
58284271
-26228124
12261913
-63705150
50238500
-50008062
44444570
7981971
-53717768
13140846
104180537
107526243
49316282
103677319
93861232
-32427903
68266840
-53901072
-79043052
-61083717
-73641765
-26040686
12784104
-84729768
-68325753
-41534070
-64865610
-4927923
-65274307
2947559
52524919
30592185
101980831
78947002
40940365
87685174
-26392023
68457335
44729
-23827368
38583659
-65015047
19203521
48862101
49769077
-84927062
-69965999
-79832343
-39423606
4810278
-35737807
-24141501
1337007
45835679
62777614
-47563340
58310899
-74541143
-54601162
-5415670
65989128
27603464
4043738
55238463
-48049331
-47176316
-49973433
-24792280
-43881403
-83370551
2514025
2308406
57530702
81107599
82482358
87838049
74919969
-53548472
-65398448
15393989
-25935133
-36362405
-14989153
-111224965
-95962155
-92010449
-25657836
-50291923
19692270
-31801399
42245443
-78197237
-103037571
-86648482
-24911346
-99605125
-87451410
-68690068
-53601114
66109462
35326121
