-9088 -14745
1640 -335
-1756 -7240
-9667 -10687
11267 -14302
-14432 -10244
-2056 -1137
-14645 -3353
11109 -1938
13055 1847
-15959 -5921
11312 5914
1826 -6195
-2274 5675
-9686 -10306
8514 -10046
7142 6157
951 -13537
13724 -8204
8423 -11220
2829 7316
-3783 -11826
-13381 -1449
2581 -11155
-1128 -9765
8527 1833
13330 7525
-5725 7876
6899 -2654
1112 -11705
-5169 -341
-5676 13910
8483 1307
-1992 4868
-12719 -1374
-14281 4289
9906 1162
-12047 -2558
4238 -2450
16333 9544
13687 -7021
975 -7234
-222 835
11693 9791
7339 -2011
-7319 15959
-10427 -13297
-9199 -6368
-5900 11282
-12221 8832
8625 14290
92 -15632
-8877 1102
5909 -9074
2850 12108
-6019 13351
-16172 877
-4676 -9411
3174 -3349
-6368 8120
-5797 -16347
4859 15637
-15108 -9053
7404 3769
-692 -12588
-599 -11223
-10771 15465
-11849 -8143
-7970 14764
-5563 986
11346 -2504
-3202 4044
9764 8088
12327 13204
-8454 -138
-1659 -12188
5772 -15006
-1304 -1952
-15913 -11732
-12526 -1381
-11967 -14326
5270 -11741
-787 1866
15428 -2344
-7713 14592
-459 14612
10293 -3906
-10203 -10032
11865 6835
11375 10557
14222 -12834
-9935 -12412
10002 5852
-9223 -89
-3828 -3919
13016 -7198
11264 -4359
1870 13934
-13 -11444
12657 -9968
-13069 -15417
-10272 -893
-5485 10250
15442 15162
-2376 9898
-12542 -5595
8452 -16243
9202 996
13435 2310
11338 15510
-6240 -3939
3061 -2117
-12552 -12390
4168 -12638
-13098 14862
-6067 -12657
-11134 -4206
-11894 -11931
-970 10077
-8528 -249
-13780 -11012
11090 4349
705 -2998
4206 -742
1023 9554
-7807 3276
13580 4336
-11630 -15774
13650 -9832
-11583 -2415
996 -7704
6488 -11876
-375 7833
2292 -6046
12332 3441
-15872 3236
-9596 -7584
948 -8820
-9370 -6197
1464 2081
-2581 6087
-3042 916
15632 73
-13055 -10336
11375 1748
-13495 -16152
5475 -7811
783 -5795
12572 11644
-15751 -9053
-11453 -6616
-14023 7812
-6679 11782
-8032 -13643
3818 7513
-13770 7065
-2617 -31
-9648 6794
10248 -6256
-870 -5735
-4781 10636
-14760 -4630
5386 10598
-121 1101
-5951 -9300
8686 -13847
14463 -1807
-3305 13782
6531 3616
-1469 -1775
-14834 -3728
9729 5128
1874 -11835
1908 6628
9809 5318
-14576 -8825
734 -4682
1013 -13877
-9280 12095
6270 4173
12215 -8806
8860 -3927
309 -13476
12193 -16274
-3472 7485
11881 -11799
5255 4188
-8217 3297
3885 10380
4992 9987
2992 -8043
-3812 11170
8463 -4979
3339 10228
-16358 3530
2419 -2610
11789 4734
14089 12568
12593 -2379
14626 -5264
-10827 2214
5582 -10264
-992 3959
-1662 -3334
-6728 -14784
-13356 -338
14754 -11612
13462 10776
-3642 8780
16015 9807
-395 -6713
-16021 -9399
11478 -2043
-4858 14060
-13093 -53
-8431 13530
-7646 14066
4410 12620
11582 12839
-5954 14724
13111 602
-181 1789
15374 -705
1612 12443
-11307 2341
-1017 1423
5626 4568
-11104 -7316
-6500 -1229
8718 -6370
-2363 -12175
10804 10328
5300 14150
10864 -12304
-2829 11150
9140 -15104
8544 14875
-15998 6668
3185 9174
11076 -1931
15612 -2004
1503 12178
15443 -14482
9100 5644
10113 -5568
14246 -8020
-14617 9438
-14608 -10883
11705 -7491
13873 -4475
-13089 665
8460 5069
-2513 13415
5036 5734
8462 1851
11243 148
-11017 14438
-15114 -12971
6551 -1690
-11888 -13746
-14351 -179
-3319 -15049
-6398 -751
-8112 14651
-8888 -2100
14092 409
7791 -5388
-8878 -5652
4000 -9300
-14702 4060
8212 9611
-3387 -11404
-469 -9706
3380 -8451
-13693 6370
11690 7901
-11865 5978
-15555 11144
15741 -9468
12027 7352
13745 -6358
12156 -4841
1316 15302
14081 12161
1205 4738
-296 -10705
1895 13159
-403 14071
8453 5662
-14504 16010
4916 -4467
15568 -2483
6869 547
5920 1943
1721 -15719
-3863 -10774
-567 10251
15635 -635
14817 15782
12987 -15254
-10286 2899
-1862 10118
-439 3683
7800 14631
6144 11501
5294 6672
13352 1370
3710 91
-1276 -8477
-3763 4295
-8549 -4251
-3832 -2204
15348 1736
2162 -9796
-3663 3030
-1476 7266
-4625 3425
-15457 -8089
1593 -13402
-12811 2761
-8109 15786
-9661 -15581
2250 14378
14989 12482
5944 -4302
-13017 162
14924 -8908
-12102 9876
15843 -11529
-12871 -6441
-6607 3528
-10802 -119
-8622 10890
-1594 8544
13140 12630
3103 11719
3629 -12437
-9881 -2767
-2555 959
-11064 -6092
-665 -4993
-11465 -6126
-16209 10388
13140 14412
2703 -14245
-1214 2497
2144 13371
-11720 -1087
953 -3420
11477 -8863
-1651 -6620
1024 -7063
-11705 -12476
-5511 3775
2530 12396
-8235 14332
3544 9994
1457 15977
12304 -11113
-13772 11929
4739 24
-14689 -10399
-1382 -15025
1278 -13748
-4903 14450
12597 1845
-4490 12182
15841 -10405
14418 6419
10377 5459
4656 -9529
-5845 5230
10593 16087
2504 9860
-13980 13423
-10613 4228
157 4802
-8787 10104
-16309 13892
10698 -12832
-4091 7325
16285 12585
-13002 -3044
1117 -7798
2492 12328
15382 -8427
-14493 -702
-6005 3981
-15488 10354
-10276 -1659
-8949 13857
-8686 -6294
16277 2743
1535 10845
15237 14563
-411 13551
-6905 8754
-3893 -7438
-11809 1720
10809 5890
1125 -16216
2152 3182
15705 -6646
12880 15357
6234 5402
8336 13457
4704 -4021
-734 8714
-1078 10536
-13524 4468
14612 8600
8918 -6416
16077 -13958
-8111 5373
-9807 12471
-9850 13561
-15379 -6937
10484 -6268
-11481 14384
984 5803
9665 -11121
5148 8520
4368 15594
-14032 -11900
-999 2449
-1476 -10461
12056 -9933
-9798 12692
-5482 3241
-14487 -13370
4874 -12707
2842 7108
8181 11841
-6844 -381
10620 -4584
-5244 -4911
-11209 8686
-601 16231
-7005 -1168
13837 260
13734 349
-15769 14106
2466 -6031
-11544 12565
6262 3221
11423 6
13555 3415
-3329 8827
15283 -9395
-839 8609
7140 3006
2964 -14947
9555 1604
-15854 -13170
16169 2372
-1303 6705
-2032 -3924
41 -7421
-10017 -13801
3862 12505
-14198 7527
-7772 -10478
2956 5027
10846 -4874
-3225 -7723
7592 1476
-5601 456
15194 2958
5814 -8837
14308 -11450
-7160 -1599
9660 7587
-10466 9474
-15472 947
-8285 13420
7771 797
8586 7960
-9284 -1061
14514 -14744
5112 -1877
-12242 14042
3420 10374
-8738 -7224
-13413 -13946
3562 15900
-8774 -10015
-997 -7494
9086 13345
7930 11083
-6258 10805
-9895 15685
10362 1949
-14240 7899
-2146 12673
12759 -911
7384 -9873
7689 7122
-12416 9708
1696 -3945
-8379 13416
-10377 -2484
-14985 -13070
5472 -422
-8132 -2936
-11888 -2808
-2232 -1115
5148 -6714
-16199 1787
-6902 -7865
42 -4949
-9180 -14695
-7747 -15411
7093 -791
4834 -15350
-4965 1007
-12950 -8077
11204 -8936
-12219 14827
12994 7342
-9238 13238
-1865 -13543
3383 13634
-14343 -12398
15006 9936
11552 -9309
15746 12685
-11568 -11090
4725 -6663
-12080 -8114
1639 4927
8578 2942
13350 11809
-9885 -8886
-2293 11801
13209 -1410
10735 5828
13336 9747
10878 -10153
4099 11584
4097 320
8146 -6381
14697 -11985
-10406 -10790
-10275 11919
-10056 8037
-7857 -12454
5219 -8374
10538 6789
11333 -13013
2466 4092
6661 -9595
-2442 -6244
15216 -1688
-9292 6561
7704 -8855
1872 -1563
11738 -14664
1143 -14487
-4561 1525
3865 5886
6620 -15984
-4496 -6996
9881 -11824
-7087 -14375
-10371 -2286
8270 11130
13346 5956
-6069 7867
4039 4874
-10817 -12937
-6188 -6068
-13123 -11038
1448 12655
11404 15444
12585 10759
1518 -2257
-8925 6237
11790 -9117
2178 15507
3828 -13408
-1933 9519
-12794 -15881
-2987 3369
-2541 -7391
361 2585
5119 -8521
-15878 16212
11839 -4870
-7918 8533
-1304 6826
-11661 9638
-13612 12204
-15156 13746
-11282 4132
11749 10120
10989 2589
-8836 10160
-15018 4900
-5121 13768
7330 -10609
12236 -9447
-439 12168
9859 -11230
9552 3950
5866 -1864
5443 -5366
-11379 -8912
-3677 6512
6625 -6705
-900 -9647
-6787 391
-3456 -5014
-6366 -11446
-4775 15998
14021 13035
4797 4334
-6491 12436
-11909 14347
12596 3461
1617 -12703
6680 -11522
3958 13876
13232 -13920
-12656 7781
2429 -11356
-10467 8813
13940 -13696
13089 -4048
4687 14786
-6498 -12330
13141 -9601
6123 -10858
-5076 -13819
-148 12304
12413 -5981
7464 8051
2155 9005
10405 5791
-12953 5547
-12065 5222
-10191 8949
2237 130
-6530 5463
-11043 -7116
6541 3947
9303 -7934
-10832 3904
8302 5143
-8009 -10260
11364 7328
-15190 7379
3857 -4571
-2347 6011
15484 -3801
-1538 -7369
-6230 -11327
3001 -9756
-13911 5686
-7796 8304
-6275 -5751
-4533 -5536
12299 -13521
10542 7490
-818 12727
2289 13036
-1049 -710
3897 14353
-3669 7722
12490 13872
2082 8642
11053 -5764
-3297 -7314
0 -12965
15111 7943
-9661 -8214
2297 -10888
-5878 1493
13062 -6728
12286 -10374
-1833 13181
6526 -14637
10806 -12894
9598 8123
-933 8923
-11036 8186
-1669 -14537
4501 -9891
5589 -6813
-7367 -13874
2416 14578
-7289 14359
13015 -16040
-11192 -15139
388 -2251
-6586 11354
-9098 2497
-811 3352
-8399 -13255
-758 11129
13573 -12268
-9119 16372
-15307 -529
-6975 2704
11746 -16282
6738 -619
10916 -4109
-10774 7248
-11949 -15052
9204 14426
-13531 8970
8080 239
-15320 7018
-11957 6212
-582 -9591
5407 -7641
-13479 6704
5803 -4910
14065 14977
-4439 -7547
-12249 13610
-13961 2847
-3173 -13514
-3312 -13638
4298 3937
9714 14640
217 -13985
-3860 2366
7010 -13252
5369 1521
-8227 7734
12252 9831
12434 8955
5835 -4141
16135 16221
7690 1095
-10970 11436
-11212 11836
-4558 2868
4666 -9661
-11137 5106
2991 3702
12839 11541
-5463 12707
6654 12919
-13609 6721
12120 1609
-12625 -11467
10237 7425
-5900 -14344
-7027 12332
-14104 -8112
-11978 -918
7623 7349
8706 -14262
-6329 13102
7927 7996
12710 -11346
-7361 7664
9701 4219
1880 -26
-8950 -14686
-4192 16321
8977 -8667
771 674
12862 -2322
2331 15807
-3266 -8347
-7489 -11531
13241 -5069
12786 -10631
4560 6384
-12129 2645
3273 -6062
-4975 7306
-1689 -8431
-3213 -7283
-870 15992
-14662 7267
7792 14247
-7880 -10734
-12076 3885
9709 14985
10537 10448
-11551 -8171
4392 -11524
13105 14144
6194 -7974
-4459 -7928
11968 -12753
-8247 -6356
3547 -5594
-5770 4761
-1608 6292
2231 -11216
39 -3520
1602 -8181
3461 -10262
-5333 -6279
-5165 5742
-13685 -14525
-11061 -13405
960 -2569
10917 -14400
16255 2599
3414 15266
-336 10229
3108 13339
-11602 -12458
-6025 12425
10854 15351
14053 -3014
5910 -6969
4101 4542
6250 9746
-7815 7899
-9426 4529
-542 14186
-8355 1145
13080 -137
-7152 -10040
-13068 2635
8791 11018
-114 -5918
5074 4110
-3944 -5942
16270 14209
16302 3836
16211 -14866
-10483 9387
13581 -608
-2285 6743
-13196 -13072
2054 16049
14456 2342
-15849 -9340
11857 -7607
948 7587
10043 7598
-13419 9868
-13032 -3628
7374 2529
-11566 8935
13130 1947
-8598 -7952
-10048 9430
8073 5838
7576 -6930
-3339 9921
-13746 -13415
-13834 -7404
5442 14663
13565 -6624
-7224 5109
4491 -5735
9368 3226
5660 15718
3263 14738
-15294 7756
5324 -9201
10914 3779
-14638 14718
1017 -1472
-13019 15102
-5210 8532
-6700 -512
-14315 -9182
-3881 -15143
12519 4174
11061 -6460
10679 -3022
10510 14523
-12303 -7335
-2796 4918
14966 8311
4178 -5035
13740 6050
6834 941
15347 -3784
-229 1900
3178 -1648
3120 2556
-2800 15663
4393 15060
6475 1537
2476 -8397
8499 9472
6234 -6785
2651 -13628
2466 -11205
6315 12607
422 15012
-2361 -3142
1384 1416
-7388 -9226
-703 -495
-13058 -1595
-1125 -12944
-9818 10702
5262 14575
-9795 -7375
-16045 -6034
10283 14791
14906 -3313
2440 4664
2320 -12507
-10522 -1166
-13940 -4911
11002 -4864
-14003 9633
16081 -4174
2586 -13929
-15777 3171
-9352 5573
2265 13392
15985 -7590
14288 1496
-3748 -9002
5287 -5735
13691 476
-4182 -15461
5708 2950
-3725 -4883
10190 11645
5107 -10700
9885 -10133
-4275 -7169
14906 4823
-128 -15937
706 8753
-949 12893
1113 5218
3404 -15635
757 7179
-898 -12313
-8637 14116
3722 -5917
10185 3996
-8690 2951
7703 -1911
-2024 -7631
14954 -6345
13433 8101
10868 14472
-2071 -167
-11019 12894
7325 -11266
-9031 -12337
-3136 -6564
-5601 5119
12572 -8767
-2923 15651
-10425 12811
-12738 13332
-7737 10841
13552 -12601
13918 3812
-14958 9564
292 -16187
-2104 -11598
-13416 11383
6195 -12206
-12436 -11861
14553 -14305
2430 10411
-4589 -7509
11164 8156
8682 13011
8355 8234
-11125 -7669
6407 -8610
-4688 9375
-8039 -1790
-16157 -14895
3169 13959
11411 8472
-1333 -164
13803 6301
-6218 1680
-4032 -8989
-14273 11091
-15359 -612
-2879 -11975
-9772 -14184
12873 -13194
-346 -13485
9978 12383
-1027 -2146
-12685 -7201
2573 -1038
4515 4631
-859 3392
-6996 -1898
10719 3309
1648 -12390
-4907 11613
16097 -13312
6187 8595
4504 10900
10371 -6605
3269 8287
-4334 14648
-592 -1616
3325 -6924
13960 -12608
10661 10912
-7597 9071
-469 327
-3059 5260
-11203 13093
7934 -10325
-3901 -13007
1209 8334
-13793 -11615
-4053 -2162
15033 -2695
5437 3485
-15380 -2503
-3931 -8696
15002 -486
-2982 9609
-700 4693
2166 8563
14172 7160
3828 757
