-3908
-2112
1737
4782
-1879
-3782
-853
111
-51
-2155
-1196
1111
474
-893
-4361
-2101
1969
-4604
-1537
1302
-944
856
3582
1164
930
-4652
-4149
-2560
471
-3853
849
4142
-3918
1323
-700
-1739
-4703
-4653
-4131
-172
1389
-2447
1677
-2313
998
-4543
-3997
-480
3724
-265
3647
2572
4083
-3808
-3426
-934
-457
-2732
-362
-1678
1030
4961
-4039
795
-10
-4786
1116
4595
-908
-4633
3680
4659
4252
-2818
466
1005
-4638
-3002
-4557
-1823
-3488
459
1557
1120
-4834
-2824
3126
-4437
-2685
-4863
-3076
-1324
1803
-3455
4901
-306
-4111
4237
-3630
1565
-383
-1314
-3781
3855
4492
-4166
4424
-922
4107
-2829
-3774
-179
4379
31
-4418
-3205
1949
4538
3524
1190
4356
-1558
-4053
-1037
2559
3304
-4261
-4301
4098
-251
2650
4133
4041
-4387
2482
735
4009
84
-2391
3423
1623
4502
4236
-4165
4593
-4957
3933
-1107
463
-4613
1400
4129
-1019
-3252
-1967
4795
-417
-4671
-1138
1202
-3635
-3052
-1757
-4031
-3103
4270
3713
3509
-2385
4172
-752
-2867
2940
-3862
2240
1537
135
3215
4800
2925
-552
-1088
-2442
-2619
-2324
-645
-2619
-36
-851
3758
1169
-4409
755
-338
-2323
-2097
-1353
-2492
452
3970
3125
1981
-4806
-2896
-311
-3491
3177
1430
-741
1934
1473
-2498
-560
-1416
4054
2315
3974
-1222
-3939
2061
-3089
3933
-1481
1379
385
-4931
2005
1922
4700
-2248
4872
2700
-4156
2043
-3180
-693
65
-1299
3167
-4924
-3725
3925
2436
-3949
-4424
85
-1298
3021
-1375
-825
-689
2943
3434
247
-994
-3677
-2446
3318
4930
2751
-2621
1613
-2320
-3942
-4589
-3184
713
-18
3658
2115
-727
-853
-4843
-3958
-4514
-3710
4278
-746
-1239
-4498
-1380
-1950
4040
3569
-2401
4332
45
1281
-1695
4258
-2992
545
942
-4213
891
2075
2534
-128
-2256
-3939
-4766
4825
-4021
-198
4698
3520
-829
-1885
-2430
-3542
-65
-2446
-3673
2694
-2681
-1009
4840
2147
-277
-1896
32
2615
4899
3937
4526
-4869
-4348
3706
-142
3183
-2378
2096
4337
-502
-2058
4406
-1751
655
-2075
-2048
1546
-2741
-3161
-818
-1607
-3850
3923
923
1647
-1492
-3803
623
-4085
-3096
-1581
1051
4272
-1281
-1412
-1467
1219
-3490
-138
-4561
-1340
-3420
-4931
849
4916
-1528
-4476
-921
308
-3147
-2388
4900
3827
-1634
-452
-2576
-3821
1337
-2449
-3934
-2564
-4849
-1259
-2846
4214
1636
-1938
-3635
-4800
514
-4101
4916
2411
32
3689
2983
-3089
1260
690
-1018
-190
4574
-2654
-3019
140
4203
-1216
3002
2812
-1686
-809
-2280
-2582
2896
-2500
-2611
1637
1042
2883
4428
-1093
-3984
3392
-4593
-4109
-3668
62
1874
-4134
1616
-2270
2342
3244
712
2045
-534
4164
-4825
3152
4440
-1121
-2065
1587
4948
2719
-2295
3143
1583
-4257
3185
-4871
-2015
-991
-4159
3897
1686
2826
-3752
2916
-4010
-1871
-3189
3275
3404
1446
-4234
-4931
-3017
-316
-1515
911
-427
-4221
1923
2948
140
3590
-2485
871
-2886
-2185
4393
895
719
-4564
-4378
-3884
223
-1171
-3282
-4678
-530
4318
-1043
-764
-1808
-3456
56
3984
-4095
1402
-3968
2281
-4936
3180
2539
1167
-4106
1089
-3449
-3980
-1693
3247
632
-1324
4303
-1743
-1803
1450
2970
1976
-623
1888
-2925
4313
-1107
-2920
3317
1255
1705
-1813
-4779
-4086
-4769
978
-1262
-3014
4243
-1826
-4839
4256
1552
-291
4967
-295
-2435
1912
-4151
2128
1932
-528
1312
-4012
-4686
-4398
3166
2140
3783
67
-3539
3879
3282
-4214
2040
-1321
-4118
4693
1212
-4893
570
-3143
-4252
-1877
2218
327
-2159
2846
2052
2291
-4651
-4869
1235
1058
4570
-3516
2205
-3140
2462
-1284
3177
2157
3903
-1005
3977
-1272
-1369
4653
1802
-1970
-3480
-4233
3068
-3621
1143
1824
-609
3455
-3439
860
3552
2695
1475
-1375
1157
2053
-1435
4234
4499
1053
-3941
199
-4628
571
-2547
3868
-4417
3542
-591
-1112
1905
1855
773
3751
1397
142
435
-1688
4908
4668
861
1393
-321
918
-4513
-381
-4322
-4938
-3852
-552
-3224
-4479
3386
-3871
-3871
-3077
-1299
-294
-378
578
-2734
2212
3162
-2220
-472
3122
-2020
3063
2139
1049
-2688
-2542
2435
-3105
537
-1322
-282
-4172
-894
-850
2830
2460
-1480
-1548
3063
1169
4728
1862
-590
254
-1823
-4459
-4254
-601
1569
-1233
2411
608
-169
-2531
-2750
-902
-3744
3645
-3583
-2843
-575
3700
3565
-4485
-2860
-781
4394
3737
-3738
1522
2876
-4845
1797
-4278
-2618
-3038
2501
3163
1188
1128
1675
548
-1364
-1638
-3072
-2113
-2414
392
2430
-3201
-480
-3753
1345
-4592
3550
-1899
1878
3317
1815
4180
4977
1690
1874
1678
4881
2481
-1560
-1087
1945
-4431
-278
3382
-1477
4197
-645
-4495
3916
-2311
-562
-1817
4168
-1727
-4585
4786
1933
2449
3387
971
2549
2800
-1793
-3769
-3283
-3783
-866
-239
-1720
3648
-3705
4046
3152
-518
-4496
-4804
2773
845
4351
401
-1389
490
1726
4337
4326
-262
1038
585
-2280
653
1175
468
2332
-788
-3021
-3568
2251
-1356
-106
-4785
3736
-2217
-4716
-643
111
-1346
4963
-3532
-1068
-248
3893
-3504
-4763
-3871
-1933
1783
4234
-3035
-4874
-1848
-4332
2664
-2935
-2613
4717
-3663
-4747
-3021
-1462
815
346
3411
-3812
2801
-262
-390
-3692
-1296
-4103
-2079
-704
-1989
136
2082
3277
3705
4542
4288
1791
3780
3905
-4362
-2674
4671
632
2206
-3708
-385
558
110
-1360
1121
-418
-2592
471
371
-2756
-1797
1849
1704
4088
233
-435
1753
2466
519
-3167
2870
-3435
-1312
-283
-2706
-4176
3057
-198
-3030
-3474
-1261
-2206
-1422
402
3789
-2768
-2280
491
-2059
651
-661
-155
-4866
-629
1834
-4227
121
-393
-743
3378
-417
-3151
630
-2536
2657
4206
-68
-4063
-4697
-1922
2638
3414
879
3965
663
-3544
-191
-4026
-4803
4019
4791
1086
3144
1648
1365
-2088
4516
663
2532
-1363
3590
-3141
-476
1762
1065
3000
-4482
4025
1119
4579
-287
874
-3396
898
6
-3236
1059
-1590
-843
4059
-1553
4850
800
-3603
-3933
-1726
2091
-2961
1336
1509
-2381
4126
-3346
1620
-1652
4502
-3062
3466
-2354
-3340
-1422
2711
-2061
-2831
2009
4299
-3614
2291
1860
350
3064
3956
-1077
-2880
160
-581
258
2573
-2287
-4038
4978
4573
-2331
-1508
-3225
3768
-3764
-144
-3954
43
