0
-85976
-245772
-370414
-250209
184229
900445
1629585
1797259
850663
-1429015
-4631824
-7841514
-10041362
-10556043
-66352550
-38368979
19134627
63487619
-35019628
-65261579
-25059027
-12247454
-14253951
-43621973
-28864491
3554525
-9515580
-35302601
-91843562
-62692862
-2557004
-91588271
-35774835
18569218
-3304357
27789732
64446400
18903379
918816
-94418012
-96129160
-74174962
-23428719
-75026656
4536743
58571813
-60412623
6437313
-36852755
-65451718
-117088189
-117366244
-103647969
-36024185
-3698706
-53941851
6328794
-55171858
-10318669
-90194966
-74968003
-10440060
66341454
21285216
83916478
64432201
74177772
-57223404
-67399589
-41442155
-36955872
-65298576
-21649657
-31219026
15025720
74557881
-58443686
7431592
-8450814
-79304285
9632613
67907875
-1271531
-44168634
85038834
101414997
89783038
-26635923
2269189
-10083119
-109062786
-95019688
-118709943
-72121561
-84640115
-15081843
9340819
5308993
-85861567
-66285082
8794220
-110872509
-90086342
-120015986
-85982923
-48303874
10621321
-54373565
74557385
938992
-56971320
59270916
-60479404
12193780
-15335297
-24180998
-52610166
66526764
82209991
-40632765
83581914
1243656
67053239
-42639310
-64562326
-17928460
46787400
-12860388
-68979259
-39317062
48327715
96143935
86273923
50580073
88824980
-9204710
-58305734
-24919083
21753987
32893947
-71463146
-62455771
71022025
18131321
67929612
92848763
90628663
-36066536
58722175
29366159
76247135
22036832
-8614674
81663253
59056025
100805124
92364203
-38022375
79698986
-68444697
53937295
-23170245
-943553
-73323088
16577785
58531296
-14983497
-47366490
-30315612
64485205
-17456490
-87928940
-46485967
-21968132
-98377127
-89970266
-63673906
-82427359
-50489330
74849668
79990953
82405964
-6519157
79261941
-4298975
-44359468
37133585
-57086227
42944038
46929690
38877232
89784236
110231399
71461533
2958774
-24783394
-61643317
-74675389
-72354601
-41856112
-59334316
-9330910
-11574575
59353926
19021918
-70158920
-5198659
-29480072
-61540205
-54636810
-34434725
-39187356
13606682
69238217
54620466
30366902
-77672088
-56797954
-21144934
-63991016
39683976
21235056
-5390145
35894846
29947375
-27072343
3155875
-6264046
76108845
51629968
73788212
-6357977
-51987329
29405157
-50048289
49675693
-29111750
14947786
5467675
-64737298
44576296
51397353
97355462
-2680171
96764973
56510332
-54313921
25108356
-59069094
-27094789
-16653090
-34660686
32706144
-83576387
-66439137
42728000
17963654
-77686895
-85457861
-17793808
-32497593
38380564
-17013913
-2211659
2774995
54396728
57509073
6976026
-12347517
-48458393
-24379085
65812363
91513398
54767027
-36124177
8121651
-65462830
-98548912
-107027621
-75738443
-2829748
1314202
62148999
36751769
-16576716
-34743631
-107958514
-104672638
-115243321
-99926915
23240194
-41945300
-41523242
-81623629
-28293049
-27449444
69597260
71770528
-8876441
90907642
25464827
36723069
-15017654
64049291
-46060719
4450776
12281415
-59742102
15984494
31064646
31621215
-15757941
-54660014
-82773888
-92001534
56731762
-59262521
8064245
85441080
66295773
-7035133
-37451551
-60809483
-88300829
-41774571
-72875216
-81376051
23327471
-43337370
-9802687
81882015
47962985
17831731
-232839
32954258
73712667
106300976
87230972
87267477
-58994356
-58848089
55246538
1188778
55448362
-18338951
52290767
87106135
14938784
-12739423
74142338
-23747440
2525776
-46006279
-53787653
-7731607
-73050008
-77588140
-37320393
-39549964
-62612592
57034573
14382031
19892475
-35230470
-79199023
-22021732
-91998642
-72597575
-40833107
8401349
63654121
-14182255
-19651158
-29662045
-2975718
-83706342
-43742749
-111631325
-62620841
-86573741
-100778575
-9948683
53116252
-39531952
-82489383
-29810361
-8218972
-52028221
-33247467
79075658
65569094
-17691926
-10130716
-54732130
-87689086
-25191460
-87835267
-110456564
-85099267
-108618899
-45735187
-60601577
45533466
6247206
-50630351
-79413086
-96036830
-11980637
-66521456
80057530
57344265
31350026
86412601
71859762
-24497895
29730637
13568500
-16724043
-7188350
62533128
-39465542
-39454360
12840170
77641322
1651981
61521676
52464326
-23165229
-21843313
-52658932
-61437880
20732957
-48919392
-37555817
37507961
38437545
67937666
85016190
-7692344
-66138423
24730549
-104337590
-103918079
-97031797
-36026950
1410713
-72927801
23794429
-21490024
53953199
72129104
36959794
54988858
14186322
78441734
-55810039
58826022
78615211
1296321
-7302859
51021775
103169519
70245565
-8105072
60649562
24166822
-75060009
21999648
-100434195
-56959916
-34153467
-69787713
56608253
29328753
45656655
-53970475
38229999
-65613596
-34859939
-52824828
41917650
41613367
7139121
-84167816
-103176353
-81051082
-42057248
-53770383
-7965258
-14902141
-58644326
38700102
57196903
15974319
63397134
-28510245
17340389
-39712349
-32072583
59543696
1873800
-10235648
-98091587
-105551024
-104831539
-46084152
-61702732
-83692783
-93758050
-24311065
52501894
-22679969
-18543690
-35529078
-62169741
-13549470
42139808
-75112021
7254853
-66491498
29617017
-71130550
48401393
36537179
10246262
-74782995
-6544791
-76389468
-82737229
-43260252
37643716
9066242
-11593289
75401176
-9831312
-9648229
37857183
59334944
43660283
4200985
39181627
-31537069
74181263
-4108810
-31325305
55203419
16551862
10684523
-54422736
-109618539
-106769095
-117691973
-28935886
-51926581
-65614066
52023355
-25455020
-60665404
77646238
41315654
14579884
88961589
8957633
-26004970
33542890
-58635706
27670493
18288122
-24985300
-5027013
-86099365
-94147832
-82412535
39528590
37695238
72126590
23271312
-29792961
73093231
57467662
-57771310
28886322
-22827342
-66436993
57206895
-966
-96401766
-23069651
-79405643
-92207372
-49144018
21876479
5126796
-24191902
50048664
35079264
32509315
-74045394
-80241595
8618580
8682960
63582752
-50215449
36789157
-37002219
49306429
416836
71367416
61927768
90737392
19900610
89444204
6773100
-3796733
72878055
20235527
-44279983
-72545604
-85422507
23481958
-67415992
10590910
29533386
1969764
66843276
-30147673
33645142
72835770
60237734
43015546
3463298
43204959
58861428
8689607
87955527
84195817
22757414
-62530417
-13289548
-90358424
-16139621
-57930776
42467089
-69478510
54884860
2264937
679276
48800006
50517855
35532890
78641258
44313620
27288312
34631434
8154211
108175151
105779027
46110113
43142325
1581138
-305110
-99042730
-54856076
-121974799
-133928116
-115581142
-61917690
-94646082
-108098263
9063637
-95249612
-93875655
-79353968
-48160847
-26048268
-18649520
3480079
-37983647
38961540
56331600
-19323411
8248454
62005627
-12637918
59577894
42298479
20658902
-40666871
-45823756
19961409
-65864002
-16138444
-44152328
-27748641
-80970913
-28063284
-20676445
41009993
44868937
-2790866
5179389
78637945
52709258
99672452
46498927
-5534899
-10769647
-55177716
-100631525
-96118221
-34273205
9377523
-20819902
37519955
9771139
-8816020
-53159274
-65326194
-43418825
-84483965
27640753
-70551578
-52845782
-14554447
50861550
50895925
-64043122
-37058869
-2447081
76954166
69025467
-42538559
26118582
34180545
-90383445
-2637667
-93053681
-62766585
-56003065
40505729
64189947
43402797
41839845
41090803
10816475
-31712872
-47221525
-74252436
-60865304
-62084965
-17285288
14947705
-66848053
-28714674
-77397785
-1499611
-81682404
47758756
-17106626
53572649
89183646
78918687
120882585
135496446
86129055
83030965
70588597
104849895
56394063
-14825014
-17246387
22094064
-70739215
-6812416
51242650
-15587573
68220345
-4167008
-64614883
52281402
-43203981
-20521197
-38394554
52884168
-24834046
-55170015
94229091
64997299
80922145
96242487
54324991
62304967
45460322
-43000698
-89666851
-92436094
-99634507
-47991478
-23997668
-29797067
60213250
-41631340
69372668
49826131
-11345348
-74837657
-80593813
33220084
12627890
73254070
25634355
8106055
41385866
62125621
99395453
95397926
22627006
34673458
21758041
-24868466
14458443
19597585
6704894
30527077
-19123284
-56120884
-68075998
13661103
-40783037
-24035124
-93323544
29828277
-56517723
-90475127
-26288727
-8610616
-23065270
72989290
-50638231
-19544126
-15675153
35992097
-78113494
-99093470
-85174329
-54097340
2521211
38955337
-68008401
-97060905
-54824318
-91470166
10890237
-69928609
-65715778
39112236
-84940490
-101007046
-72552401
-42190713
1696615
5793792
57994638
-45428131
45522071
-10186941
-26235481
-88027712
-63096182
-107564841
-73951029
-41885238
-41991689
11488369
62946155
100253504
119827239
136796079
129357396
82421813
97040575
84195537
-48377383
-32417765
69570516
8630469
30775718
-55611307
-7826786
4923843
-3051973
-26510351
6870380
-18620566
-52795068
-9141016
-8621703
-48592066
-26152289
36874865
44366384
86161025
33314766
22401095
49043717
51170922
12868127
-50933255
28084114
-70223313
-43302010
-29996860
-65672190
-87351942
16994200
-31738300
-74095562
-80265811
-45560876
-54695337
-37374352
-5100248
48253835
-45584711
-39436729
-2115631
-43245023
-8046201
-30841160
-26077691
-95529780
-32846541
5840272
-78209876
-10318273
-13501565
-15017640
47974066
-4582447
-42445684
13096771
-34787022
36214283
52639096
-14865798
-74646554
-79992646
-30536228
47147624
67266297
32772162
71973420
12112905
-62134943
-21872673
-77849283
-80323685
62946276
90339212
49308597
85995365
64801881
56763681
601425
90660355
29364819
51978327
-8840169
59481365
-41285033
-3271969
31225230
25667403
60252096
-42249689
85883411
44287490
90784363
11920161
17940360
-55320841
-1653770
-18633669
-63910024
5773992
-22715606
-2478945
74262501
-8025036
78693822
9430159
-65231293
-77684916
-48163581
10014840
-57004469
13391054
23031402
-28388653
69240940
-38437257
33385702
-16040508
70125001
-44960587
44028821
-46550151
-65329037
-39120897
22578399
-42128967
-46232222
32696678
74747513
-32460290
59599379
56500590
34149731
69425447
75158986
-7153035
-42015974
-4017631
