352 333
-44 -389
280 -478
-165 -242
115 -181
74 449
-309 3
22 -86
420 16
2 -826
216 162
183 21
133 26
183 -303
-99 643
196 -172
-447 -518
444 -34
55 102
-489 464
103 -310
527 -82
-96 -461
86 154
-372 -231
179 351
-67 347
55 -127
-305 106
42 85
252 -267
183 105
-96 -7
-282 365
-236 315
73 27
157 -323
9 104
-85 339
266 -353
-506 -123
462 -154
-359 -45
416 245
100 -341
-541 -220
723 32
68 -8
372 109
-324 -455
48 -106
461 -47
-159 -82
-136 -571
-406 -178
167 -353
356 -216
614 466
205 352
105 159
202 468
-227 -36
-373 -160
43 -209
-19 -596
-131 229
150 -135
272 11
219 -386
160 7
65 -280
-176 504
128 -449
885 351
-79 -38
179 319
158 -281
307 -184
-51 -266
-508 -187
470 89
-159 145
-381 -154
301 36
445 213
442 238
191 550
-573 -8
552 -51
-2 417
-631 85
-140 -615
412 -249
-244 -256
121 -412
43 169
-309 -516
78 -457
324 567
-21 -94
-316 43
226 320
84 191
653 -220
17 -172
-110 -73
-100 -402
331 19
84 153
-33 112
200 83
-427 -428
143 -358
-94 -155
369 47
-306 385
141 -205
174 -168
33 554
212 -228
-34 174
-160 436
-310 -301
228 330
605 117
215 -131
-19 -84
-48 -184
-96 208
232 486
210 -98
278 -22
-65 384
-85 -96
-268 -526
32 -456
-508 -297
161 94
-64 509
-219 37
270 55
28 351
-242 43
-119 181
464 -519
-114 89
-14 -483
215 227
152 -146
-405 52
346 130
23 -414
-137 219
-248 -271
-13 -304
-35 -434
-757 31
-54 -256
-35 -230
266 376
6 208
226 -429
335 289
-275 230
-39 -288
-253 107
342 154
-361 -45
250 291
-431 -141
-99 1
-524 329
-41 9
-441 -75
-588 -221
-105 -153
-139 146
393 -204
401 107
-14 -395
-327 -401
-97 -114
399 437
-693 248
145 101
171 204
62 -338
414 97
194 54
-23 -46
-77 688
-226 -151
-289 81
437 -381
-62 213
230 146
77 -164
321 -220
-625 -94
-304 -115
-147 -47
-488 -62
188 162
217 49
-484 -202
247 -396
-131 -152
475 351
-33 -169
10 95
-60 67
-259 459
165 -318
-138 -61
-75 -261
-153 -216
-58 -106
162 -218
-133 175
-28 -374
174 -23
41 -132
-133 -203
-75 -163
398 176
-317 -689
-241 -628
418 -48
-7 563
46 316
415 191
29 -121
145 153
-211 -220
168 -374
-497 -88
-97 175
27 -407
-264 -570
311 163
-298 8
42 97
-60 278
231 -157
-126 -318
-169 122
-375 -381
-98 -55
-145 -134
76 -412
309 -191
-181 221
-18 267
433 -198
226 -312
-437 -437
-578 120
-60 721
91 -58
213 26
355 -20
65 163
250 393
354 -316
-53 68
-265 -74
-479 435
185 416
240 -224
164 272
-42 607
-340 -535
-99 393
-348 24
34 -425
236 -172
-361 -99
51 50
235 -302
-260 231
-326 -174
-511 -219
68 358
390 49
164 -211
-76 237
689 170
-60 -365
64 269
157 -59
134 336
-284 -427
-50 399
100 60
-339 123
-258 17
-108 178
-323 -368
-81 -83
-553 644
310 426
-113 -188
-467 -175
-218 117
319 258
70 -134
-274 -406
-285 -48
-29 -550
199 297
525 -73
16 249
-320 381
659 -93
-321 268
-330 331
-507 -236
72 103
77 -124
-256 334
153 209
405 -461
356 -59
-170 323
99 495
501 -141
92 -9
-159 -320
274 -106
-935 -899
36 216
-301 53
432 317
-312 -151
-46 -97
93 -301
225 91
-158 60
130 -212
-52 399
-176 -479
-330 203
24 -57
-91 33
202 26
-480 -36
279 -14
415 534
383 -86
415 -32
-100 138
-197 -759
354 -221
137 -246
431 -172
-120 -107
-241 -417
101 -155
-65 225
606 60
-581 -542
-173 -14
-346 248
-363 -164
11 129
-102 334
231 56
439 -93
154 42
-297 -178
-172 -196
-235 340
-139 547
-104 57
-488 427
-429 -73
-110 -36
223 443
206 53
-565 -127
-493 133
90 -26
62 -43
144 167
693 124
-195 146
-377 -128
-14 -436
-57 815
168 -257
215 99
-22 307
-560 293
63 -331
141 16
-118 -154
87 -142
3 -245
-346 268
239 355
219 50
237 -34
-139 -319
71 267
-517 37
267 -375
-61 448
50 247
69 -53
-151 -15
-253 113
-536 242
356 -22
-67 433
-326 -3
-44 -421
-513 172
-96 65
-81 -153
-29 -131
-211 -494
-57 34
-68 275
-404 -443
483 185
101 291
-173 -129
73 -616
307 -246
324 -276
-211 -431
-315 -724
124 -27
-24 391
206 -308
-386 -579
-497 388
-293 279
-115 -553
-537 -187
-17 53
-3 -389
-587 180
92 -102
27 233
-85 -51
108 -599
521 289
179 -140
364 198
132 595
-154 -45
280 -376
56 66
68 -325
451 540
-39 -300
-378 267
-359 340
-27 40
-41 132
-347 -34
279 -320
-63 -56
439 -86
118 -223
341 -53
62 253
-456 -75
53 -235
-194 448
41 244
56 434
135 -164
-263 27
18 -113
85 161
-242 -242
324 177
-191 -251
208 327
271 -53
7 -284
172 -215
359 -225
-23 -38
-380 -295
288 217
-26 96
547 -233
198 148
-29 294
535 -237
-124 -203
350 125
-233 -485
-182 110
-144 -921
-290 429
182 297
-198 85
-302 308
-349 -466
954 399
244 -511
61 -285
-251 135
-40 328
-14 -318
-244 -117
3 -178
-65 -127
342 135
-79 337
39 -189
59 93
4 -295
-70 -258
60 -122
521 450
-144 57
-533 324
315 152
-741 -59
616 18
240 194
348 -268
55 -115
-58 191
-131 220
-357 -1074
-332 315
171 -500
-239 -117
-20 44
484 28
88 -301
-228 -182
477 -26
-750 -98
192 317
-64 -109
-31 -161
179 -239
353 267
198 -330
656 202
45 114
-81 -97
-759 24
393 348
521 128
-37 1
-73 -13
188 286
584 -185
-142 500
44 471
233 -267
86 -257
-108 694
157 -402
148 -18
-265 -434
-347 -27
-454 -150
-170 -229
450 -102
163 303
135 36
146 735
-116 -77
603 417
-47 538
-510 448
60 -337
-329 98
192 17
-307 -167
-289 -528
-195 -36
263 -299
151 -84
-167 145
379 442
17 -317
-408 -375
67 -69
-488 5
-238 -24
-97 643
46 198
-132 465
333 -336
-310 72
-288 310
-207 -454
80 -624
477 -467
-220 -310
-432 236
82 317
-382 -58
98 32
-115 -131
-468 309
-187 -108
416 117
-599 -51
574 -338
-794 -152
292 284
-141 500
-226 -241
-411 -632
32 -501
363 -27
-291 -282
177 244
472 203
-81 877
-16 74
9 -156
48 -221
-229 -127
-151 -62
228 -294
278 -27
82 -156
-5 -46
87 -78
-343 -799
218 -231
130 178
277 146
-507 176
-496 142
-95 85
-45 618
26 449
-57 -374
69 -437
316 -541
-342 -131
-490 465
358 154
-581 -463
63 -290
100 103
24 -63
-460 295
224 -62
51 176
-18 194
10 360
-269 -302
265 -415
116 630
310 -222
-143 425
-76 108
-43 133
40 -313
-237 2
-76 196
339 1
305 238
-217 -80
163 -264
16 -371
-46 -202
340 -164
74 -283
103 122
2 -179
-350 -245
-248 -173
367 133
202 38
67 -29
-546 350
283 -148
182 -103
259 157
144 111
-119 8
453 -76
-57 -76
-186 -126
-207 -99
440 465
18 194
-559 -260
-176 -14
-97 83
106 -329
26 186
-409 -214
164 296
-136 -211
390 125
-100 -84
127 -194
304 185
213 101
2 109
-100 502
372 304
-195 90
-117 -283
168 -316
81 -116
77 577
-466 -74
-126 -370
189 -226
129 223
-477 -61
-272 -238
153 -2
-17 297
-475 -64
-58 -186
-332 540
147 147
410 -44
13 -191
469 260
-239 -199
-282 38
-82 -249
-178 -466
-212 -313
-45 -346
224 -592
229 -72
62 -382
-141 -139
155 -627
-34 260
203 -216
56 -363
213 -164
116 -95
212 -457
386 186
611 -706
6 -18
-512 -289
-659 -210
-898 -666
-34 -154
-76 -236
-324 -371
-100 -305
-397 446
-156 -231
228 170
153 515
389 -14
-46 -1
-303 207
-458 -203
294 -36
-43 -91
56 -392
-125 162
264 53
-129 -18
-309 -260
-89 298
-44 194
-33 430
-40 -52
136 259
-356 395
608 -259
-269 -77
184 -59
151 174
-111 -1
70 237
-48 112
-429 -16
255 -553
-316 -79
-489 136
22 678
206 60
422 299
348 168
-379 -153
-56 -219
239 -46
-330 380
58 -474
-23 555
-219 -327
226 95
-446 781
141 -43
49 -162
-70 -24
151 -31
-771 57
130 -279
323 39
277 -566
-397 15
-600 -199
423 -106
-137 513
324 142
43 374
244 -324
440 263
330 663
232 396
-67 245
-251 166
248 -200
128 -541
44 268
453 53
396 -298
-294 192
319 305
239 -340
-412 500
-186 -297
-188 -575
408 36
207 -183
-180 -62
163 50
251 376
123 -431
-588 382
233 267
-170 153
4 -258
27 91
-521 74
-356 194
110 -180
-272 -336
-288 70
-65 179
312 -531
-239 -566
204 -328
331 -363
615 -95
-577 446
402 384
13 -557
-191 561
-140 5
-272 -7
-246 -94
-137 54
-133 48
70 -444
657 -13
263 441
82 352
-101 555
143 -311
-200 168
-333 -395
-71 163
-14 834
347 21
-53 166
180 147
587 -222
-44 124
127 -450
-537 199
-137 26
85 -517
13 -438
-511 -485
-342 24
-106 -27
-240 8
-38 205
-64 309
-86 -361
188 -547
164 203
33 -576
-276 116
-179 -266
75 290
-147 -478
-603 -163
-222 447
108 184
560 -304
570 -121
-320 294
192 115
-532 182
251 -100
265 -107
-194 -772
-206 534
110 -110
-314 -27
-1 385
-118 440
248 -51
-154 280
295 11
-27 630
-485 240
407 302
-172 -109
615 -261
-22 -65
-75 58
558 -497
122 345
-130 -73
359 -102
265 323
454 -162
-378 -168
-398 -325
-98 -16
-167 265
-117 193
-552 82
-504 -266
-249 82
-473 296
27 271
82 -314
-234 339
575 -57
238 336
-114 -281
-384 -252
-28 -8
-37 -677
32 16
30 -51
103 -313
-172 107
-53 341
392 -49
-60 211
-263 183
-152 -283
-94 411
-62 223
-401 -134
131 220
-27 -76
-623 -262
-416 315
49 -310
313 566
-270 7
-175 -430
-167 104
-332 241
42 -71
-92 299
-70 124
-23 -12
106 0
-222 -686
272 -32
10 103
551 1
29 167
-288 -248
-255 -118
30 48
-587 884
489 283
-45 -187
-185 295
9 145
153 199
123 550
53 -48
129 -45
272 -440
160 210
-137 111
234 -470
-105 -81
-16 314
374 -16
-315 -201
-363 -673
-85 451
-275 -91
75 -20
25 -175
253 571
76 -216
-645 117
-237 -474
-434 7
-623 75
-171 73
-94 -33
-14 46
-474 -538
677 31
118 30
218 -35
-301 -405
5 71
68 -227
286 147
137 -50
-81 423
-574 -260
92 -298
